0.034456 -0.112142 -0.334360 0.953843 0.334106 -2.354316 -0.429882 0.211128 0.265411 -0.014719 0.783269 -0.368943 0.246505 0.079227 0.006381 -0.173646 -0.363363 -0.316517 1.359472 0.265770
0.021210 -0.095731 -0.337183 0.977090 0.341525 -2.234457 -0.445293 0.201311 0.260785 -0.019506 0.907653 -0.351473 0.225634 0.159511 -0.003691 -0.155104 -0.388084 -0.307287 1.328377 0.260315
0.007965 -0.079321 -0.340007 1.000336 0.348944 -2.114598 -0.460704 0.191495 0.256159 -0.024293 1.032037 -0.334002 0.204764 0.239794 -0.013763 -0.136562 -0.412804 -0.298056 1.297281 0.254860
-0.005280 -0.062910 -0.342830 1.023583 0.356364 -1.994739 -0.476115 0.181679 0.251534 -0.029081 1.156420 -0.316532 0.183893 0.320078 -0.023835 -0.118020 -0.437525 -0.288825 1.266185 0.249405
-0.018526 -0.046500 -0.345654 1.046830 0.363783 -1.874880 -0.491526 0.171863 0.246908 -0.033868 1.280804 -0.299062 0.163023 0.400361 -0.033907 -0.099478 -0.462245 -0.279595 1.235089 0.243950
-0.031771 -0.030089 -0.348477 1.070076 0.371203 -1.755021 -0.506937 0.162047 0.242282 -0.038655 1.405188 -0.281592 0.142152 0.480645 -0.043979 -0.080936 -0.486966 -0.270364 1.203994 0.238495
-0.045016 -0.013679 -0.351301 1.093323 0.378622 -1.635162 -0.522348 0.152231 0.237656 -0.043442 1.529572 -0.264122 0.121281 0.560928 -0.054051 -0.062394 -0.511686 -0.261133 1.172898 0.233040
-0.058262 0.002732 -0.354124 1.116570 0.386041 -1.515303 -0.537759 0.142415 0.233030 -0.048229 1.653956 -0.246651 0.100411 0.641211 -0.064123 -0.043852 -0.536407 -0.251903 1.141802 0.227585
-0.071507 0.019142 -0.356948 1.139816 0.393461 -1.395444 -0.553169 0.132599 0.228405 -0.053016 1.778339 -0.229181 0.079540 0.721495 -0.074195 -0.025310 -0.561127 -0.242672 1.110706 0.222130
-0.084753 0.035553 -0.359771 1.163063 0.400880 -1.275584 -0.568580 0.122783 0.223779 -0.057804 1.902723 -0.211711 0.058669 0.801778 -0.084267 -0.006768 -0.585848 -0.233441 1.079611 0.216674
-0.097998 0.051963 -0.362595 1.186309 0.408299 -1.155725 -0.583991 0.112967 0.219153 -0.062591 2.027107 -0.194240 0.037799 0.882062 -0.094339 0.011774 -0.610568 -0.224211 1.048515 0.211219
0.034456 -0.112142 -0.334360 0.953843 0.334106 -2.354316 -0.429882 0.211128 0.265411 -0.014719 0.783269 -0.368943 0.246505 0.079227 0.006381 -0.173646 -0.363363 -0.316517 1.359472 0.265770
0.021210 -0.095731 -0.337183 0.977090 0.341525 -2.234457 -0.445293 0.201311 0.260785 -0.019506 0.907653 -0.351473 0.225634 0.159511 -0.003691 -0.155104 -0.388084 -0.307287 1.328377 0.260315
0.007965 -0.079321 -0.340007 1.000336 0.348944 -2.114598 -0.460704 0.191495 0.256159 -0.024293 1.032037 -0.334002 0.204764 0.239794 -0.013763 -0.136562 -0.412804 -0.298056 1.297281 0.254860
-0.005280 -0.062910 -0.342830 1.023583 0.356364 -1.994739 -0.476115 0.181679 0.251534 -0.029081 1.156420 -0.316532 0.183893 0.320078 -0.023835 -0.118020 -0.437525 -0.288825 1.266185 0.249405
-0.018526 -0.046500 -0.345654 1.046830 0.363783 -1.874880 -0.491526 0.171863 0.246908 -0.033868 1.280804 -0.299062 0.163023 0.400361 -0.033907 -0.099478 -0.462245 -0.279595 1.235089 0.243950
-0.031771 -0.030089 -0.348477 1.070076 0.371203 -1.755021 -0.506937 0.162047 0.242282 -0.038655 1.405188 -0.281592 0.142152 0.480645 -0.043979 -0.080936 -0.486966 -0.270364 1.203994 0.238495
-0.045016 -0.013679 -0.351301 1.093323 0.378622 -1.635162 -0.522348 0.152231 0.237656 -0.043442 1.529572 -0.264122 0.121281 0.560928 -0.054051 -0.062394 -0.511686 -0.261133 1.172898 0.233040
-0.058262 0.002732 -0.354124 1.116570 0.386041 -1.515303 -0.537759 0.142415 0.233030 -0.048229 1.653956 -0.246651 0.100411 0.641211 -0.064123 -0.043852 -0.536407 -0.251903 1.141802 0.227585
-0.071507 0.019142 -0.356948 1.139816 0.393461 -1.395444 -0.553169 0.132599 0.228405 -0.053016 1.778339 -0.229181 0.079540 0.721495 -0.074195 -0.025310 -0.561127 -0.242672 1.110706 0.222130
-0.084753 0.035553 -0.359771 1.163063 0.400880 -1.275584 -0.568580 0.122783 0.223779 -0.057804 1.902723 -0.211711 0.058669 0.801778 -0.084267 -0.006768 -0.585848 -0.233441 1.079611 0.216674
-0.097998 0.051963 -0.362595 1.186309 0.408299 -1.155725 -0.583991 0.112967 0.219153 -0.062591 2.027107 -0.194240 0.037799 0.882062 -0.094339 0.011774 -0.610568 -0.224211 1.048515 0.211219
0.034456 -0.112142 -0.334360 0.953843 0.334106 -2.354316 -0.429882 0.211128 0.265411 -0.014719 0.783269 -0.368943 0.246505 0.079227 0.006381 -0.173646 -0.363363 -0.316517 1.359472 0.265770
0.021210 -0.095731 -0.337183 0.977090 0.341525 -2.234457 -0.445293 0.201311 0.260785 -0.019506 0.907653 -0.351473 0.225634 0.159511 -0.003691 -0.155104 -0.388084 -0.307287 1.328377 0.260315
0.007965 -0.079321 -0.340007 1.000336 0.348944 -2.114598 -0.460704 0.191495 0.256159 -0.024293 1.032037 -0.334002 0.204764 0.239794 -0.013763 -0.136562 -0.412804 -0.298056 1.297281 0.254860
-0.005280 -0.062910 -0.342830 1.023583 0.356364 -1.994739 -0.476115 0.181679 0.251534 -0.029081 1.156420 -0.316532 0.183893 0.320078 -0.023835 -0.118020 -0.437525 -0.288825 1.266185 0.249405
-0.018526 -0.046500 -0.345654 1.046830 0.363783 -1.874880 -0.491526 0.171863 0.246908 -0.033868 1.280804 -0.299062 0.163023 0.400361 -0.033907 -0.099478 -0.462245 -0.279595 1.235089 0.243950
-0.031771 -0.030089 -0.348477 1.070076 0.371203 -1.755021 -0.506937 0.162047 0.242282 -0.038655 1.405188 -0.281592 0.142152 0.480645 -0.043979 -0.080936 -0.486966 -0.270364 1.203994 0.238495
-0.045016 -0.013679 -0.351301 1.093323 0.378622 -1.635162 -0.522348 0.152231 0.237656 -0.043442 1.529572 -0.264122 0.121281 0.560928 -0.054051 -0.062394 -0.511686 -0.261133 1.172898 0.233040
-0.058262 0.002732 -0.354124 1.116570 0.386041 -1.515303 -0.537759 0.142415 0.233030 -0.048229 1.653956 -0.246651 0.100411 0.641211 -0.064123 -0.043852 -0.536407 -0.251903 1.141802 0.227585
-0.071507 0.019142 -0.356948 1.139816 0.393461 -1.395444 -0.553169 0.132599 0.228405 -0.053016 1.778339 -0.229181 0.079540 0.721495 -0.074195 -0.025310 -0.561127 -0.242672 1.110706 0.222130
-0.084753 0.035553 -0.359771 1.163063 0.400880 -1.275584 -0.568580 0.122783 0.223779 -0.057804 1.902723 -0.211711 0.058669 0.801778 -0.084267 -0.006768 -0.585848 -0.233441 1.079611 0.216674
-0.097998 0.051963 -0.362595 1.186309 0.408299 -1.155725 -0.583991 0.112967 0.219153 -0.062591 2.027107 -0.194240 0.037799 0.882062 -0.094339 0.011774 -0.610568 -0.224211 1.048515 0.211219
0.034456 -0.112142 -0.334360 0.953843 0.334106 -2.354316 -0.429882 0.211128 0.265411 -0.014719 0.783269 -0.368943 0.246505 0.079227 0.006381 -0.173646 -0.363363 -0.316517 1.359472 0.265770
0.021210 -0.095731 -0.337183 0.977090 0.341525 -2.234457 -0.445293 0.201311 0.260785 -0.019506 0.907653 -0.351473 0.225634 0.159511 -0.003691 -0.155104 -0.388084 -0.307287 1.328377 0.260315
0.007965 -0.079321 -0.340007 1.000336 0.348944 -2.114598 -0.460704 0.191495 0.256159 -0.024293 1.032037 -0.334002 0.204764 0.239794 -0.013763 -0.136562 -0.412804 -0.298056 1.297281 0.254860
-0.005280 -0.062910 -0.342830 1.023583 0.356364 -1.994739 -0.476115 0.181679 0.251534 -0.029081 1.156420 -0.316532 0.183893 0.320078 -0.023835 -0.118020 -0.437525 -0.288825 1.266185 0.249405
-0.018526 -0.046500 -0.345654 1.046830 0.363783 -1.874880 -0.491526 0.171863 0.246908 -0.033868 1.280804 -0.299062 0.163023 0.400361 -0.033907 -0.099478 -0.462245 -0.279595 1.235089 0.243950
-0.031771 -0.030089 -0.348477 1.070076 0.371203 -1.755021 -0.506937 0.162047 0.242282 -0.038655 1.405188 -0.281592 0.142152 0.480645 -0.043979 -0.080936 -0.486966 -0.270364 1.203994 0.238495
-0.045016 -0.013679 -0.351301 1.093323 0.378622 -1.635162 -0.522348 0.152231 0.237656 -0.043442 1.529572 -0.264122 0.121281 0.560928 -0.054051 -0.062394 -0.511686 -0.261133 1.172898 0.233040
-0.058262 0.002732 -0.354124 1.116570 0.386041 -1.515303 -0.537759 0.142415 0.233030 -0.048229 1.653956 -0.246651 0.100411 0.641211 -0.064123 -0.043852 -0.536407 -0.251903 1.141802 0.227585
-0.071507 0.019142 -0.356948 1.139816 0.393461 -1.395444 -0.553169 0.132599 0.228405 -0.053016 1.778339 -0.229181 0.079540 0.721495 -0.074195 -0.025310 -0.561127 -0.242672 1.110706 0.222130
-0.084753 0.035553 -0.359771 1.163063 0.400880 -1.275584 -0.568580 0.122783 0.223779 -0.057804 1.902723 -0.211711 0.058669 0.801778 -0.084267 -0.006768 -0.585848 -0.233441 1.079611 0.216674
-0.097998 0.051963 -0.362595 1.186309 0.408299 -1.155725 -0.583991 0.112967 0.219153 -0.062591 2.027107 -0.194240 0.037799 0.882062 -0.094339 0.011774 -0.610568 -0.224211 1.048515 0.211219
