0.000000 0.000000 0.000000 0.000000 0.000000 0.000000 0.000000 0.000000 0.000000 0.000000 0.000000 0.000000 0.000000 0.000000 0.000000 0.000000 0.000000 0.000000 0.000000 0.000000
0.000000 0.011832 -0.002903 0.058434 0.000000 0.008055 0.001860 -0.002953 0.007717 -0.000975 -0.002686 -0.008929 0.004644 0.001687 0.001434 -0.010632 -0.007432 0.002781 0.002739 -0.000241
0.000000 0.023663 -0.005806 0.116867 0.000000 0.016110 0.003720 -0.005906 0.015434 -0.001949 -0.005372 -0.017857 0.009289 0.003374 0.002868 -0.021264 -0.014864 0.005563 0.005478 -0.000483
0.000000 0.035495 -0.008709 0.175301 -0.000000 0.024165 0.005580 -0.008858 0.023152 -0.002924 -0.008057 -0.026786 0.013933 0.005062 0.004302 -0.031896 -0.022296 0.008344 0.008216 -0.000724
0.000000 0.047326 -0.011612 0.233734 -0.000000 0.032220 0.007440 -0.011811 0.030869 -0.003898 -0.010743 -0.035715 0.018578 0.006749 0.005735 -0.042527 -0.029728 0.011125 0.010955 -0.000966
0.000000 0.059158 -0.014515 0.292168 -0.000000 0.040275 0.009301 -0.014764 0.038586 -0.004873 -0.013429 -0.044643 0.023222 0.008436 0.007169 -0.053159 -0.037160 0.013907 0.013694 -0.001207
0.000000 0.070990 -0.017419 0.350601 -0.000000 0.048330 0.011161 -0.017717 0.046303 -0.005847 -0.016115 -0.053572 0.027867 0.010123 0.008603 -0.063791 -0.044592 0.016688 0.016433 -0.001449
0.000000 0.082821 -0.020322 0.409035 -0.000000 0.056385 0.013021 -0.020669 0.054021 -0.006822 -0.018801 -0.062501 0.032511 0.011810 0.010037 -0.074423 -0.052025 0.019469 0.019172 -0.001690
0.000000 0.094653 -0.023225 0.467469 -0.000000 0.064440 0.014881 -0.023622 0.061738 -0.007796 -0.021486 -0.071430 0.037156 0.013497 0.011471 -0.085055 -0.059457 0.022251 0.021910 -0.001931
0.000000 0.106485 -0.026128 0.525902 -0.000000 0.072495 0.016741 -0.026575 0.069455 -0.008771 -0.024172 -0.080358 0.041801 0.015185 0.012904 -0.095686 -0.066889 0.025032 0.024649 -0.002173
0.000000 0.118316 -0.029031 0.584336 -0.000000 0.080550 0.018601 -0.029528 0.077172 -0.009745 -0.026858 -0.089287 0.046445 0.016872 0.014338 -0.106318 -0.074321 0.027813 0.027388 -0.002414
0.000000 0.118316 -0.029031 0.584336 -0.000000 0.080550 0.018601 -0.029528 0.077172 -0.009745 -0.026858 -0.089287 0.046445 0.016872 0.014338 -0.106318 -0.074321 0.027813 0.027388 -0.002414
0.000000 0.122041 -0.029945 0.602730 -0.000000 0.083086 0.019187 -0.030457 0.079602 -0.010052 -0.027703 -0.092097 0.047907 0.017403 0.014790 -0.109665 -0.076660 0.028689 0.028250 -0.002490
0.000000 0.125765 -0.030859 0.621125 -0.000000 0.085622 0.019772 -0.031387 0.082031 -0.010359 -0.028549 -0.094908 0.049370 0.017934 0.015241 -0.113012 -0.079000 0.029564 0.029112 -0.002566
0.000000 0.129490 -0.031773 0.639519 -0.000000 0.088158 0.020358 -0.032316 0.084460 -0.010665 -0.029394 -0.097718 0.050832 0.018465 0.015692 -0.116359 -0.081339 0.030440 0.029974 -0.002642
0.000000 0.133214 -0.032686 0.657913 -0.000000 0.090694 0.020943 -0.033245 0.086890 -0.010972 -0.030239 -0.100528 0.052294 0.018996 0.016144 -0.119706 -0.083678 0.031316 0.030837 -0.002718
0.000000 0.136939 -0.033600 0.676308 -0.000000 0.093229 0.021529 -0.034175 0.089319 -0.011279 -0.031085 -0.103339 0.053756 0.019528 0.016595 -0.123053 -0.086017 0.032191 0.031699 -0.002794
0.000000 0.140663 -0.034514 0.694702 -0.000000 0.095765 0.022114 -0.035104 0.091748 -0.011586 -0.031930 -0.106149 0.055218 0.020059 0.017047 -0.126400 -0.088357 0.033067 0.032561 -0.002870
0.000000 0.144388 -0.035428 0.713097 -0.000000 0.098301 0.022700 -0.036034 0.094178 -0.011893 -0.032776 -0.108959 0.056680 0.020590 0.017498 -0.129746 -0.090696 0.033942 0.033423 -0.002946
0.000000 0.148112 -0.036342 0.731491 -0.000000 0.100837 0.023285 -0.036963 0.096607 -0.012199 -0.033621 -0.111770 0.058142 0.021121 0.017950 -0.133093 -0.093035 0.034818 0.034285 -0.003022
0.000000 0.151837 -0.037256 0.749885 -0.000000 0.103373 0.023871 -0.037892 0.099036 -0.012506 -0.034466 -0.114580 0.059605 0.021652 0.018401 -0.136440 -0.095375 0.035694 0.035147 -0.003099
0.000000 0.155561 -0.038170 0.768280 -0.000000 0.105909 0.024456 -0.038822 0.101466 -0.012813 -0.035312 -0.117390 0.061067 0.022183 0.018852 -0.139787 -0.097714 0.036569 0.036010 -0.003175
0.000000 0.155561 -0.038170 0.768280 -0.000000 0.105909 0.024456 -0.038822 0.101466 -0.012813 -0.035312 -0.117390 0.061067 0.022183 0.018852 -0.139787 -0.097714 0.036569 0.036010 -0.003175
0.000000 0.161325 -0.039584 0.796745 -0.000000 0.109833 0.025362 -0.040260 0.105225 -0.013288 -0.036620 -0.121739 0.063329 0.023005 0.019551 -0.144966 -0.101334 0.037924 0.037344 -0.003292
0.000000 0.167088 -0.040998 0.825211 -0.000000 0.113757 0.026269 -0.041698 0.108985 -0.013762 -0.037928 -0.126088 0.065592 0.023827 0.020249 -0.150146 -0.104954 0.039279 0.038678 -0.003410
0.000000 0.172852 -0.042412 0.853677 -0.000000 0.117681 0.027175 -0.043137 0.112744 -0.014237 -0.039236 -0.130438 0.067855 0.024649 0.020948 -0.155325 -0.108574 0.040634 0.040012 -0.003528
0.000000 0.178616 -0.043826 0.882142 -0.000000 0.121606 0.028081 -0.044575 0.116504 -0.014712 -0.040545 -0.134787 0.070117 0.025471 0.021647 -0.160504 -0.112194 0.041989 0.041346 -0.003645
0.000000 0.184379 -0.045241 0.910608 -0.000000 0.125530 0.028987 -0.046013 0.120263 -0.015187 -0.041853 -0.139136 0.072380 0.026293 0.022345 -0.165684 -0.115814 0.043344 0.042681 -0.003763
0.000000 0.190143 -0.046655 0.939073 -0.000000 0.129454 0.029893 -0.047451 0.124022 -0.015661 -0.043161 -0.143485 0.074643 0.027115 0.023044 -0.170863 -0.119434 0.044699 0.044015 -0.003881
0.000000 0.195907 -0.048069 0.967539 -0.000000 0.133378 0.030799 -0.048890 0.127782 -0.016136 -0.044469 -0.147834 0.076906 0.027937 0.023742 -0.176042 -0.123054 0.046054 0.045349 -0.003998
0.000000 0.201670 -0.049483 0.996004 -0.000000 0.137303 0.031705 -0.050328 0.131541 -0.016611 -0.045777 -0.152183 0.079168 0.028759 0.024441 -0.181222 -0.126674 0.047409 0.046683 -0.004116
0.000000 0.207434 -0.050897 1.024470 -0.000000 0.141227 0.032611 -0.051766 0.135301 -0.017086 -0.047086 -0.156532 0.081431 0.029581 0.025139 -0.186401 -0.130294 0.048764 0.048017 -0.004234
0.000000 0.213198 -0.052312 1.052935 -0.000000 0.145151 0.033517 -0.053204 0.139060 -0.017560 -0.048394 -0.160881 0.083694 0.030403 0.025838 -0.191580 -0.133914 0.050119 0.049352 -0.004351
0.000000 0.213198 -0.052312 1.052935 -0.000000 0.145151 0.033517 -0.053204 0.139060 -0.017560 -0.048394 -0.160881 0.083694 0.030403 0.025838 -0.191580 -0.133914 0.050119 0.049352 -0.004351
0.000000 0.219292 -0.053807 1.083033 -0.000000 0.149300 0.034475 -0.054725 0.143035 -0.018062 -0.049777 -0.165479 0.086086 0.031272 0.026577 -0.197057 -0.137742 0.051552 0.050762 -0.004476
0.000000 0.225386 -0.055302 1.113132 -0.000000 0.153450 0.035433 -0.056246 0.147010 -0.018564 -0.051160 -0.170077 0.088479 0.032141 0.027315 -0.202533 -0.141569 0.052985 0.052173 -0.004600
0.000000 0.231480 -0.056798 1.143230 -0.000000 0.157599 0.036391 -0.057767 0.150985 -0.019066 -0.052544 -0.174676 0.090871 0.033010 0.028054 -0.208010 -0.145397 0.054417 0.053584 -0.004725
0.000000 0.237575 -0.058293 1.173328 -0.000000 0.161748 0.037349 -0.059287 0.154960 -0.019568 -0.053927 -0.179274 0.093264 0.033879 0.028793 -0.213486 -0.149225 0.055850 0.054994 -0.004849
0.000000 0.243669 -0.059788 1.203426 -0.000000 0.165898 0.038307 -0.060808 0.158936 -0.020070 -0.055310 -0.183872 0.095656 0.034748 0.029531 -0.218962 -0.153052 0.057283 0.056405 -0.004974
0.000000 0.249763 -0.061284 1.233524 -0.000000 0.170047 0.039265 -0.062329 0.162911 -0.020572 -0.056693 -0.188471 0.098049 0.035617 0.030270 -0.224439 -0.156880 0.058715 0.057816 -0.005098
0.000000 0.255857 -0.062779 1.263622 -0.000000 0.174196 0.040224 -0.063850 0.166886 -0.021074 -0.058076 -0.193069 0.100441 0.036486 0.031009 -0.229915 -0.160707 0.060148 0.059227 -0.005222
-0.000000 0.261952 -0.064274 1.293720 -0.000000 0.178346 0.041182 -0.065370 0.170861 -0.021576 -0.059460 -0.197667 0.102834 0.037355 0.031747 -0.235392 -0.164535 0.061581 0.060637 -0.005347
-0.000000 0.268046 -0.065769 1.323818 -0.000000 0.182495 0.042140 -0.066891 0.174836 -0.022078 -0.060843 -0.202266 0.105226 0.038225 0.032486 -0.240868 -0.168362 0.063014 0.062048 -0.005471
-0.000000 0.274140 -0.067265 1.353916 0.000000 0.186645 0.043098 -0.068412 0.178811 -0.022580 -0.062226 -0.206864 0.107619 0.039094 0.033224 -0.246345 -0.172190 0.064446 0.063459 -0.005596
0.000000 0.000000 0.000000 0.000000 0.000000 0.000000 0.000000 0.000000 0.000000 0.000000 0.000000 0.000000 0.000000 0.000000 0.000000 0.000000 0.000000 0.000000 0.000000 0.000000
0.000000 0.011832 -0.002903 0.058434 0.000000 0.008055 0.001860 -0.002953 0.007717 -0.000975 -0.002686 -0.008929 0.004644 0.001687 0.001434 -0.010632 -0.007432 0.002781 0.002739 -0.000241
0.000000 0.023663 -0.005806 0.116867 0.000000 0.016110 0.003720 -0.005906 0.015434 -0.001949 -0.005372 -0.017857 0.009289 0.003374 0.002868 -0.021264 -0.014864 0.005563 0.005478 -0.000483
0.000000 0.035495 -0.008709 0.175301 -0.000000 0.024165 0.005580 -0.008858 0.023152 -0.002924 -0.008057 -0.026786 0.013933 0.005062 0.004302 -0.031896 -0.022296 0.008344 0.008216 -0.000724
0.000000 0.047326 -0.011612 0.233734 -0.000000 0.032220 0.007440 -0.011811 0.030869 -0.003898 -0.010743 -0.035715 0.018578 0.006749 0.005735 -0.042527 -0.029728 0.011125 0.010955 -0.000966
0.000000 0.059158 -0.014515 0.292168 -0.000000 0.040275 0.009301 -0.014764 0.038586 -0.004873 -0.013429 -0.044643 0.023222 0.008436 0.007169 -0.053159 -0.037160 0.013907 0.013694 -0.001207
0.000000 0.070990 -0.017419 0.350601 -0.000000 0.048330 0.011161 -0.017717 0.046303 -0.005847 -0.016115 -0.053572 0.027867 0.010123 0.008603 -0.063791 -0.044592 0.016688 0.016433 -0.001449
0.000000 0.082821 -0.020322 0.409035 -0.000000 0.056385 0.013021 -0.020669 0.054021 -0.006822 -0.018801 -0.062501 0.032511 0.011810 0.010037 -0.074423 -0.052025 0.019469 0.019172 -0.001690
0.000000 0.094653 -0.023225 0.467469 -0.000000 0.064440 0.014881 -0.023622 0.061738 -0.007796 -0.021486 -0.071430 0.037156 0.013497 0.011471 -0.085055 -0.059457 0.022251 0.021910 -0.001931
0.000000 0.106485 -0.026128 0.525902 -0.000000 0.072495 0.016741 -0.026575 0.069455 -0.008771 -0.024172 -0.080358 0.041801 0.015185 0.012904 -0.095686 -0.066889 0.025032 0.024649 -0.002173
0.000000 0.118316 -0.029031 0.584336 -0.000000 0.080550 0.018601 -0.029528 0.077172 -0.009745 -0.026858 -0.089287 0.046445 0.016872 0.014338 -0.106318 -0.074321 0.027813 0.027388 -0.002414
0.000000 0.118316 -0.029031 0.584336 -0.000000 0.080550 0.018601 -0.029528 0.077172 -0.009745 -0.026858 -0.089287 0.046445 0.016872 0.014338 -0.106318 -0.074321 0.027813 0.027388 -0.002414
0.000000 0.122041 -0.029945 0.602730 -0.000000 0.083086 0.019187 -0.030457 0.079602 -0.010052 -0.027703 -0.092097 0.047907 0.017403 0.014790 -0.109665 -0.076660 0.028689 0.028250 -0.002490
0.000000 0.125765 -0.030859 0.621125 -0.000000 0.085622 0.019772 -0.031387 0.082031 -0.010359 -0.028549 -0.094908 0.049370 0.017934 0.015241 -0.113012 -0.079000 0.029564 0.029112 -0.002566
0.000000 0.129490 -0.031773 0.639519 -0.000000 0.088158 0.020358 -0.032316 0.084460 -0.010665 -0.029394 -0.097718 0.050832 0.018465 0.015692 -0.116359 -0.081339 0.030440 0.029974 -0.002642
0.000000 0.133214 -0.032686 0.657913 -0.000000 0.090694 0.020943 -0.033245 0.086890 -0.010972 -0.030239 -0.100528 0.052294 0.018996 0.016144 -0.119706 -0.083678 0.031316 0.030837 -0.002718
0.000000 0.136939 -0.033600 0.676308 -0.000000 0.093229 0.021529 -0.034175 0.089319 -0.011279 -0.031085 -0.103339 0.053756 0.019528 0.016595 -0.123053 -0.086017 0.032191 0.031699 -0.002794
0.000000 0.140663 -0.034514 0.694702 -0.000000 0.095765 0.022114 -0.035104 0.091748 -0.011586 -0.031930 -0.106149 0.055218 0.020059 0.017047 -0.126400 -0.088357 0.033067 0.032561 -0.002870
0.000000 0.144388 -0.035428 0.713097 -0.000000 0.098301 0.022700 -0.036034 0.094178 -0.011893 -0.032776 -0.108959 0.056680 0.020590 0.017498 -0.129746 -0.090696 0.033942 0.033423 -0.002946
0.000000 0.148112 -0.036342 0.731491 -0.000000 0.100837 0.023285 -0.036963 0.096607 -0.012199 -0.033621 -0.111770 0.058142 0.021121 0.017950 -0.133093 -0.093035 0.034818 0.034285 -0.003022
0.000000 0.151837 -0.037256 0.749885 -0.000000 0.103373 0.023871 -0.037892 0.099036 -0.012506 -0.034466 -0.114580 0.059605 0.021652 0.018401 -0.136440 -0.095375 0.035694 0.035147 -0.003099
0.000000 0.155561 -0.038170 0.768280 -0.000000 0.105909 0.024456 -0.038822 0.101466 -0.012813 -0.035312 -0.117390 0.061067 0.022183 0.018852 -0.139787 -0.097714 0.036569 0.036010 -0.003175
0.000000 0.155561 -0.038170 0.768280 -0.000000 0.105909 0.024456 -0.038822 0.101466 -0.012813 -0.035312 -0.117390 0.061067 0.022183 0.018852 -0.139787 -0.097714 0.036569 0.036010 -0.003175
0.000000 0.161325 -0.039584 0.796745 -0.000000 0.109833 0.025362 -0.040260 0.105225 -0.013288 -0.036620 -0.121739 0.063329 0.023005 0.019551 -0.144966 -0.101334 0.037924 0.037344 -0.003292
0.000000 0.167088 -0.040998 0.825211 -0.000000 0.113757 0.026269 -0.041698 0.108985 -0.013762 -0.037928 -0.126088 0.065592 0.023827 0.020249 -0.150146 -0.104954 0.039279 0.038678 -0.003410
0.000000 0.172852 -0.042412 0.853677 -0.000000 0.117681 0.027175 -0.043137 0.112744 -0.014237 -0.039236 -0.130438 0.067855 0.024649 0.020948 -0.155325 -0.108574 0.040634 0.040012 -0.003528
0.000000 0.178616 -0.043826 0.882142 -0.000000 0.121606 0.028081 -0.044575 0.116504 -0.014712 -0.040545 -0.134787 0.070117 0.025471 0.021647 -0.160504 -0.112194 0.041989 0.041346 -0.003645
0.000000 0.184379 -0.045241 0.910608 -0.000000 0.125530 0.028987 -0.046013 0.120263 -0.015187 -0.041853 -0.139136 0.072380 0.026293 0.022345 -0.165684 -0.115814 0.043344 0.042681 -0.003763
0.000000 0.190143 -0.046655 0.939073 -0.000000 0.129454 0.029893 -0.047451 0.124022 -0.015661 -0.043161 -0.143485 0.074643 0.027115 0.023044 -0.170863 -0.119434 0.044699 0.044015 -0.003881
0.000000 0.195907 -0.048069 0.967539 -0.000000 0.133378 0.030799 -0.048890 0.127782 -0.016136 -0.044469 -0.147834 0.076906 0.027937 0.023742 -0.176042 -0.123054 0.046054 0.045349 -0.003998
0.000000 0.201670 -0.049483 0.996004 -0.000000 0.137303 0.031705 -0.050328 0.131541 -0.016611 -0.045777 -0.152183 0.079168 0.028759 0.024441 -0.181222 -0.126674 0.047409 0.046683 -0.004116
0.000000 0.207434 -0.050897 1.024470 -0.000000 0.141227 0.032611 -0.051766 0.135301 -0.017086 -0.047086 -0.156532 0.081431 0.029581 0.025139 -0.186401 -0.130294 0.048764 0.048017 -0.004234
0.000000 0.213198 -0.052312 1.052935 -0.000000 0.145151 0.033517 -0.053204 0.139060 -0.017560 -0.048394 -0.160881 0.083694 0.030403 0.025838 -0.191580 -0.133914 0.050119 0.049352 -0.004351
0.000000 0.213198 -0.052312 1.052935 -0.000000 0.145151 0.033517 -0.053204 0.139060 -0.017560 -0.048394 -0.160881 0.083694 0.030403 0.025838 -0.191580 -0.133914 0.050119 0.049352 -0.004351
0.000000 0.219292 -0.053807 1.083033 -0.000000 0.149300 0.034475 -0.054725 0.143035 -0.018062 -0.049777 -0.165479 0.086086 0.031272 0.026577 -0.197057 -0.137742 0.051552 0.050762 -0.004476
0.000000 0.225386 -0.055302 1.113132 -0.000000 0.153450 0.035433 -0.056246 0.147010 -0.018564 -0.051160 -0.170077 0.088479 0.032141 0.027315 -0.202533 -0.141569 0.052985 0.052173 -0.004600
0.000000 0.231480 -0.056798 1.143230 -0.000000 0.157599 0.036391 -0.057767 0.150985 -0.019066 -0.052544 -0.174676 0.090871 0.033010 0.028054 -0.208010 -0.145397 0.054417 0.053584 -0.004725
0.000000 0.237575 -0.058293 1.173328 -0.000000 0.161748 0.037349 -0.059287 0.154960 -0.019568 -0.053927 -0.179274 0.093264 0.033879 0.028793 -0.213486 -0.149225 0.055850 0.054994 -0.004849
0.000000 0.243669 -0.059788 1.203426 -0.000000 0.165898 0.038307 -0.060808 0.158936 -0.020070 -0.055310 -0.183872 0.095656 0.034748 0.029531 -0.218962 -0.153052 0.057283 0.056405 -0.004974
0.000000 0.249763 -0.061284 1.233524 -0.000000 0.170047 0.039265 -0.062329 0.162911 -0.020572 -0.056693 -0.188471 0.098049 0.035617 0.030270 -0.224439 -0.156880 0.058715 0.057816 -0.005098
0.000000 0.255857 -0.062779 1.263622 -0.000000 0.174196 0.040224 -0.063850 0.166886 -0.021074 -0.058076 -0.193069 0.100441 0.036486 0.031009 -0.229915 -0.160707 0.060148 0.059227 -0.005222
-0.000000 0.261952 -0.064274 1.293720 -0.000000 0.178346 0.041182 -0.065370 0.170861 -0.021576 -0.059460 -0.197667 0.102834 0.037355 0.031747 -0.235392 -0.164535 0.061581 0.060637 -0.005347
-0.000000 0.268046 -0.065769 1.323818 -0.000000 0.182495 0.042140 -0.066891 0.174836 -0.022078 -0.060843 -0.202266 0.105226 0.038225 0.032486 -0.240868 -0.168362 0.063014 0.062048 -0.005471
-0.000000 0.274140 -0.067265 1.353916 0.000000 0.186645 0.043098 -0.068412 0.178811 -0.022580 -0.062226 -0.206864 0.107619 0.039094 0.033224 -0.246345 -0.172190 0.064446 0.063459 -0.005596
0.000000 0.000000 0.000000 0.000000 0.000000 0.000000 0.000000 0.000000 0.000000 0.000000 0.000000 0.000000 0.000000 0.000000 0.000000 0.000000 0.000000 0.000000 0.000000 0.000000
0.000000 0.011832 -0.002903 0.058434 0.000000 0.008055 0.001860 -0.002953 0.007717 -0.000975 -0.002686 -0.008929 0.004644 0.001687 0.001434 -0.010632 -0.007432 0.002781 0.002739 -0.000241
0.000000 0.023663 -0.005806 0.116867 0.000000 0.016110 0.003720 -0.005906 0.015434 -0.001949 -0.005372 -0.017857 0.009289 0.003374 0.002868 -0.021264 -0.014864 0.005563 0.005478 -0.000483
0.000000 0.035495 -0.008709 0.175301 -0.000000 0.024165 0.005580 -0.008858 0.023152 -0.002924 -0.008057 -0.026786 0.013933 0.005062 0.004302 -0.031896 -0.022296 0.008344 0.008216 -0.000724
0.000000 0.047326 -0.011612 0.233734 -0.000000 0.032220 0.007440 -0.011811 0.030869 -0.003898 -0.010743 -0.035715 0.018578 0.006749 0.005735 -0.042527 -0.029728 0.011125 0.010955 -0.000966
0.000000 0.059158 -0.014515 0.292168 -0.000000 0.040275 0.009301 -0.014764 0.038586 -0.004873 -0.013429 -0.044643 0.023222 0.008436 0.007169 -0.053159 -0.037160 0.013907 0.013694 -0.001207
0.000000 0.070990 -0.017419 0.350601 -0.000000 0.048330 0.011161 -0.017717 0.046303 -0.005847 -0.016115 -0.053572 0.027867 0.010123 0.008603 -0.063791 -0.044592 0.016688 0.016433 -0.001449
0.000000 0.082821 -0.020322 0.409035 -0.000000 0.056385 0.013021 -0.020669 0.054021 -0.006822 -0.018801 -0.062501 0.032511 0.011810 0.010037 -0.074423 -0.052025 0.019469 0.019172 -0.001690
0.000000 0.094653 -0.023225 0.467469 -0.000000 0.064440 0.014881 -0.023622 0.061738 -0.007796 -0.021486 -0.071430 0.037156 0.013497 0.011471 -0.085055 -0.059457 0.022251 0.021910 -0.001931
0.000000 0.106485 -0.026128 0.525902 -0.000000 0.072495 0.016741 -0.026575 0.069455 -0.008771 -0.024172 -0.080358 0.041801 0.015185 0.012904 -0.095686 -0.066889 0.025032 0.024649 -0.002173
0.000000 0.118316 -0.029031 0.584336 -0.000000 0.080550 0.018601 -0.029528 0.077172 -0.009745 -0.026858 -0.089287 0.046445 0.016872 0.014338 -0.106318 -0.074321 0.027813 0.027388 -0.002414
0.000000 0.118316 -0.029031 0.584336 -0.000000 0.080550 0.018601 -0.029528 0.077172 -0.009745 -0.026858 -0.089287 0.046445 0.016872 0.014338 -0.106318 -0.074321 0.027813 0.027388 -0.002414
0.000000 0.122041 -0.029945 0.602730 -0.000000 0.083086 0.019187 -0.030457 0.079602 -0.010052 -0.027703 -0.092097 0.047907 0.017403 0.014790 -0.109665 -0.076660 0.028689 0.028250 -0.002490
0.000000 0.125765 -0.030859 0.621125 -0.000000 0.085622 0.019772 -0.031387 0.082031 -0.010359 -0.028549 -0.094908 0.049370 0.017934 0.015241 -0.113012 -0.079000 0.029564 0.029112 -0.002566
0.000000 0.129490 -0.031773 0.639519 -0.000000 0.088158 0.020358 -0.032316 0.084460 -0.010665 -0.029394 -0.097718 0.050832 0.018465 0.015692 -0.116359 -0.081339 0.030440 0.029974 -0.002642
0.000000 0.133214 -0.032686 0.657913 -0.000000 0.090694 0.020943 -0.033245 0.086890 -0.010972 -0.030239 -0.100528 0.052294 0.018996 0.016144 -0.119706 -0.083678 0.031316 0.030837 -0.002718
0.000000 0.136939 -0.033600 0.676308 -0.000000 0.093229 0.021529 -0.034175 0.089319 -0.011279 -0.031085 -0.103339 0.053756 0.019528 0.016595 -0.123053 -0.086017 0.032191 0.031699 -0.002794
0.000000 0.140663 -0.034514 0.694702 -0.000000 0.095765 0.022114 -0.035104 0.091748 -0.011586 -0.031930 -0.106149 0.055218 0.020059 0.017047 -0.126400 -0.088357 0.033067 0.032561 -0.002870
0.000000 0.144388 -0.035428 0.713097 -0.000000 0.098301 0.022700 -0.036034 0.094178 -0.011893 -0.032776 -0.108959 0.056680 0.020590 0.017498 -0.129746 -0.090696 0.033942 0.033423 -0.002946
0.000000 0.148112 -0.036342 0.731491 -0.000000 0.100837 0.023285 -0.036963 0.096607 -0.012199 -0.033621 -0.111770 0.058142 0.021121 0.017950 -0.133093 -0.093035 0.034818 0.034285 -0.003022
0.000000 0.151837 -0.037256 0.749885 -0.000000 0.103373 0.023871 -0.037892 0.099036 -0.012506 -0.034466 -0.114580 0.059605 0.021652 0.018401 -0.136440 -0.095375 0.035694 0.035147 -0.003099
0.000000 0.155561 -0.038170 0.768280 -0.000000 0.105909 0.024456 -0.038822 0.101466 -0.012813 -0.035312 -0.117390 0.061067 0.022183 0.018852 -0.139787 -0.097714 0.036569 0.036010 -0.003175
0.000000 0.155561 -0.038170 0.768280 -0.000000 0.105909 0.024456 -0.038822 0.101466 -0.012813 -0.035312 -0.117390 0.061067 0.022183 0.018852 -0.139787 -0.097714 0.036569 0.036010 -0.003175
0.000000 0.161325 -0.039584 0.796745 -0.000000 0.109833 0.025362 -0.040260 0.105225 -0.013288 -0.036620 -0.121739 0.063329 0.023005 0.019551 -0.144966 -0.101334 0.037924 0.037344 -0.003292
0.000000 0.167088 -0.040998 0.825211 -0.000000 0.113757 0.026269 -0.041698 0.108985 -0.013762 -0.037928 -0.126088 0.065592 0.023827 0.020249 -0.150146 -0.104954 0.039279 0.038678 -0.003410
0.000000 0.172852 -0.042412 0.853677 -0.000000 0.117681 0.027175 -0.043137 0.112744 -0.014237 -0.039236 -0.130438 0.067855 0.024649 0.020948 -0.155325 -0.108574 0.040634 0.040012 -0.003528
0.000000 0.178616 -0.043826 0.882142 -0.000000 0.121606 0.028081 -0.044575 0.116504 -0.014712 -0.040545 -0.134787 0.070117 0.025471 0.021647 -0.160504 -0.112194 0.041989 0.041346 -0.003645
0.000000 0.184379 -0.045241 0.910608 -0.000000 0.125530 0.028987 -0.046013 0.120263 -0.015187 -0.041853 -0.139136 0.072380 0.026293 0.022345 -0.165684 -0.115814 0.043344 0.042681 -0.003763
0.000000 0.190143 -0.046655 0.939073 -0.000000 0.129454 0.029893 -0.047451 0.124022 -0.015661 -0.043161 -0.143485 0.074643 0.027115 0.023044 -0.170863 -0.119434 0.044699 0.044015 -0.003881
0.000000 0.195907 -0.048069 0.967539 -0.000000 0.133378 0.030799 -0.048890 0.127782 -0.016136 -0.044469 -0.147834 0.076906 0.027937 0.023742 -0.176042 -0.123054 0.046054 0.045349 -0.003998
0.000000 0.201670 -0.049483 0.996004 -0.000000 0.137303 0.031705 -0.050328 0.131541 -0.016611 -0.045777 -0.152183 0.079168 0.028759 0.024441 -0.181222 -0.126674 0.047409 0.046683 -0.004116
0.000000 0.207434 -0.050897 1.024470 -0.000000 0.141227 0.032611 -0.051766 0.135301 -0.017086 -0.047086 -0.156532 0.081431 0.029581 0.025139 -0.186401 -0.130294 0.048764 0.048017 -0.004234
0.000000 0.213198 -0.052312 1.052935 -0.000000 0.145151 0.033517 -0.053204 0.139060 -0.017560 -0.048394 -0.160881 0.083694 0.030403 0.025838 -0.191580 -0.133914 0.050119 0.049352 -0.004351
0.000000 0.213198 -0.052312 1.052935 -0.000000 0.145151 0.033517 -0.053204 0.139060 -0.017560 -0.048394 -0.160881 0.083694 0.030403 0.025838 -0.191580 -0.133914 0.050119 0.049352 -0.004351
0.000000 0.219292 -0.053807 1.083033 -0.000000 0.149300 0.034475 -0.054725 0.143035 -0.018062 -0.049777 -0.165479 0.086086 0.031272 0.026577 -0.197057 -0.137742 0.051552 0.050762 -0.004476
0.000000 0.225386 -0.055302 1.113132 -0.000000 0.153450 0.035433 -0.056246 0.147010 -0.018564 -0.051160 -0.170077 0.088479 0.032141 0.027315 -0.202533 -0.141569 0.052985 0.052173 -0.004600
0.000000 0.231480 -0.056798 1.143230 -0.000000 0.157599 0.036391 -0.057767 0.150985 -0.019066 -0.052544 -0.174676 0.090871 0.033010 0.028054 -0.208010 -0.145397 0.054417 0.053584 -0.004725
0.000000 0.237575 -0.058293 1.173328 -0.000000 0.161748 0.037349 -0.059287 0.154960 -0.019568 -0.053927 -0.179274 0.093264 0.033879 0.028793 -0.213486 -0.149225 0.055850 0.054994 -0.004849
0.000000 0.243669 -0.059788 1.203426 -0.000000 0.165898 0.038307 -0.060808 0.158936 -0.020070 -0.055310 -0.183872 0.095656 0.034748 0.029531 -0.218962 -0.153052 0.057283 0.056405 -0.004974
0.000000 0.249763 -0.061284 1.233524 -0.000000 0.170047 0.039265 -0.062329 0.162911 -0.020572 -0.056693 -0.188471 0.098049 0.035617 0.030270 -0.224439 -0.156880 0.058715 0.057816 -0.005098
0.000000 0.255857 -0.062779 1.263622 -0.000000 0.174196 0.040224 -0.063850 0.166886 -0.021074 -0.058076 -0.193069 0.100441 0.036486 0.031009 -0.229915 -0.160707 0.060148 0.059227 -0.005222
-0.000000 0.261952 -0.064274 1.293720 -0.000000 0.178346 0.041182 -0.065370 0.170861 -0.021576 -0.059460 -0.197667 0.102834 0.037355 0.031747 -0.235392 -0.164535 0.061581 0.060637 -0.005347
-0.000000 0.268046 -0.065769 1.323818 -0.000000 0.182495 0.042140 -0.066891 0.174836 -0.022078 -0.060843 -0.202266 0.105226 0.038225 0.032486 -0.240868 -0.168362 0.063014 0.062048 -0.005471
-0.000000 0.274140 -0.067265 1.353916 0.000000 0.186645 0.043098 -0.068412 0.178811 -0.022580 -0.062226 -0.206864 0.107619 0.039094 0.033224 -0.246345 -0.172190 0.064446 0.063459 -0.005596
