1.553191 -0.221621 0.218532 0.709748 -0.003410 0.426360 0.098443 -0.156265 0.408454 -0.051580 -0.142135 -0.472509 0.245834 0.089302 0.075897 -0.562724 -0.393306 0.147218 0.144958 -0.012786
1.633942 -0.236830 0.216616 0.655600 -0.001853 0.428918 0.098678 -0.153995 0.425441 -0.050698 -0.149325 -0.463323 0.229599 0.085806 0.078290 -0.585543 -0.396424 0.155616 0.150291 -0.012741
1.714693 -0.252038 0.214699 0.601453 -0.000296 0.431476 0.098913 -0.151725 0.442428 -0.049817 -0.156515 -0.454136 0.213363 0.082309 0.080682 -0.608361 -0.399542 0.164014 0.155624 -0.012697
1.795443 -0.267247 0.212783 0.547306 0.001261 0.434034 0.099149 -0.149455 0.459414 -0.048935 -0.163705 -0.444950 0.197127 0.078813 0.083075 -0.631180 -0.402660 0.172412 0.160957 -0.012653
1.876194 -0.282456 0.210867 0.493159 0.002818 0.436592 0.099384 -0.147186 0.476401 -0.048053 -0.170894 -0.435764 0.180892 0.075317 0.085467 -0.653998 -0.405777 0.180811 0.166290 -0.012609
1.956945 -0.297665 0.208951 0.439012 0.004375 0.439150 0.099619 -0.144916 0.493388 -0.047171 -0.178084 -0.426578 0.164656 0.071821 0.087860 -0.676816 -0.408895 0.189209 0.171624 -0.012565
2.037696 -0.312873 0.207035 0.384864 0.005931 0.441709 0.099854 -0.142646 0.510375 -0.046290 -0.185274 -0.417392 0.148420 0.068324 0.090253 -0.699635 -0.412013 0.197607 0.176957 -0.012520
2.118446 -0.328082 0.205119 0.330717 0.007488 0.444267 0.100090 -0.140376 0.527361 -0.045408 -0.192463 -0.408206 0.132185 0.064828 0.092645 -0.722453 -0.415131 0.206005 0.182290 -0.012476
2.199197 -0.343291 0.203202 0.276570 0.009045 0.446825 0.100325 -0.138106 0.544348 -0.044526 -0.199653 -0.399019 0.115949 0.061332 0.095038 -0.745271 -0.418249 0.214403 0.187623 -0.012432
2.279948 -0.358500 0.201286 0.222423 0.010602 0.449383 0.100560 -0.135836 0.561335 -0.043645 -0.206843 -0.389833 0.099713 0.057836 0.097430 -0.768090 -0.421366 0.222801 0.192956 -0.012388
2.360699 -0.373708 0.199370 0.168276 0.012159 0.451941 0.100796 -0.133566 0.578322 -0.042763 -0.214033 -0.380647 0.083478 0.054339 0.099823 -0.790908 -0.424484 0.231199 0.198290 -0.012343
1.553191 -0.221621 0.218532 0.709748 -0.003410 0.426360 0.098443 -0.156265 0.408454 -0.051580 -0.142135 -0.472509 0.245834 0.089302 0.075897 -0.562724 -0.393306 0.147218 0.144958 -0.012786
1.633942 -0.236830 0.216616 0.655600 -0.001853 0.428918 0.098678 -0.153995 0.425441 -0.050698 -0.149325 -0.463323 0.229599 0.085806 0.078290 -0.585543 -0.396424 0.155616 0.150291 -0.012741
1.714693 -0.252038 0.214699 0.601453 -0.000296 0.431476 0.098913 -0.151725 0.442428 -0.049817 -0.156515 -0.454136 0.213363 0.082309 0.080682 -0.608361 -0.399542 0.164014 0.155624 -0.012697
1.795443 -0.267247 0.212783 0.547306 0.001261 0.434034 0.099149 -0.149455 0.459414 -0.048935 -0.163705 -0.444950 0.197127 0.078813 0.083075 -0.631180 -0.402660 0.172412 0.160957 -0.012653
1.876194 -0.282456 0.210867 0.493159 0.002818 0.436592 0.099384 -0.147186 0.476401 -0.048053 -0.170894 -0.435764 0.180892 0.075317 0.085467 -0.653998 -0.405777 0.180811 0.166290 -0.012609
1.956945 -0.297665 0.208951 0.439012 0.004375 0.439150 0.099619 -0.144916 0.493388 -0.047171 -0.178084 -0.426578 0.164656 0.071821 0.087860 -0.676816 -0.408895 0.189209 0.171624 -0.012565
2.037696 -0.312873 0.207035 0.384864 0.005931 0.441709 0.099854 -0.142646 0.510375 -0.046290 -0.185274 -0.417392 0.148420 0.068324 0.090253 -0.699635 -0.412013 0.197607 0.176957 -0.012520
2.118446 -0.328082 0.205119 0.330717 0.007488 0.444267 0.100090 -0.140376 0.527361 -0.045408 -0.192463 -0.408206 0.132185 0.064828 0.092645 -0.722453 -0.415131 0.206005 0.182290 -0.012476
2.199197 -0.343291 0.203202 0.276570 0.009045 0.446825 0.100325 -0.138106 0.544348 -0.044526 -0.199653 -0.399019 0.115949 0.061332 0.095038 -0.745271 -0.418249 0.214403 0.187623 -0.012432
2.279948 -0.358500 0.201286 0.222423 0.010602 0.449383 0.100560 -0.135836 0.561335 -0.043645 -0.206843 -0.389833 0.099713 0.057836 0.097430 -0.768090 -0.421366 0.222801 0.192956 -0.012388
2.360699 -0.373708 0.199370 0.168276 0.012159 0.451941 0.100796 -0.133566 0.578322 -0.042763 -0.214033 -0.380647 0.083478 0.054339 0.099823 -0.790908 -0.424484 0.231199 0.198290 -0.012343
1.553191 -0.221621 0.218532 0.709748 -0.003410 0.426360 0.098443 -0.156265 0.408454 -0.051580 -0.142135 -0.472509 0.245834 0.089302 0.075897 -0.562724 -0.393306 0.147218 0.144958 -0.012786
1.633942 -0.236830 0.216616 0.655600 -0.001853 0.428918 0.098678 -0.153995 0.425441 -0.050698 -0.149325 -0.463323 0.229599 0.085806 0.078290 -0.585543 -0.396424 0.155616 0.150291 -0.012741
1.714693 -0.252038 0.214699 0.601453 -0.000296 0.431476 0.098913 -0.151725 0.442428 -0.049817 -0.156515 -0.454136 0.213363 0.082309 0.080682 -0.608361 -0.399542 0.164014 0.155624 -0.012697
1.795443 -0.267247 0.212783 0.547306 0.001261 0.434034 0.099149 -0.149455 0.459414 -0.048935 -0.163705 -0.444950 0.197127 0.078813 0.083075 -0.631180 -0.402660 0.172412 0.160957 -0.012653
1.876194 -0.282456 0.210867 0.493159 0.002818 0.436592 0.099384 -0.147186 0.476401 -0.048053 -0.170894 -0.435764 0.180892 0.075317 0.085467 -0.653998 -0.405777 0.180811 0.166290 -0.012609
1.956945 -0.297665 0.208951 0.439012 0.004375 0.439150 0.099619 -0.144916 0.493388 -0.047171 -0.178084 -0.426578 0.164656 0.071821 0.087860 -0.676816 -0.408895 0.189209 0.171624 -0.012565
2.037696 -0.312873 0.207035 0.384864 0.005931 0.441709 0.099854 -0.142646 0.510375 -0.046290 -0.185274 -0.417392 0.148420 0.068324 0.090253 -0.699635 -0.412013 0.197607 0.176957 -0.012520
2.118446 -0.328082 0.205119 0.330717 0.007488 0.444267 0.100090 -0.140376 0.527361 -0.045408 -0.192463 -0.408206 0.132185 0.064828 0.092645 -0.722453 -0.415131 0.206005 0.182290 -0.012476
2.199197 -0.343291 0.203202 0.276570 0.009045 0.446825 0.100325 -0.138106 0.544348 -0.044526 -0.199653 -0.399019 0.115949 0.061332 0.095038 -0.745271 -0.418249 0.214403 0.187623 -0.012432
2.279948 -0.358500 0.201286 0.222423 0.010602 0.449383 0.100560 -0.135836 0.561335 -0.043645 -0.206843 -0.389833 0.099713 0.057836 0.097430 -0.768090 -0.421366 0.222801 0.192956 -0.012388
2.360699 -0.373708 0.199370 0.168276 0.012159 0.451941 0.100796 -0.133566 0.578322 -0.042763 -0.214033 -0.380647 0.083478 0.054339 0.099823 -0.790908 -0.424484 0.231199 0.198290 -0.012343
