0.131408 -0.232262 -0.313693 0.783686 0.279799 -1.282881 -0.199026 0.291437 0.841313 0.004720 0.286164 -0.736854 0.174430 0.089409 0.032163 -0.545076 -0.415596 -0.322240 1.580981 0.287951
0.121713 -0.220250 -0.315760 0.800702 0.285229 -1.390017 -0.222116 0.283402 0.783723 0.002776 0.335874 -0.700063 0.181637 0.088391 0.029584 -0.507914 -0.410371 -0.321655 1.558836 0.285734
0.112018 -0.208238 -0.317826 0.817718 0.290660 -1.497156 -0.245206 0.275367 0.726133 0.000832 0.385585 -0.663272 0.188845 0.087373 0.027006 -0.470756 -0.405147 -0.321073 1.536689 0.283516
0.102323 -0.196226 -0.319893 0.834733 0.296091 -1.604295 -0.268294 0.267333 0.668542 -0.001112 0.435295 -0.626481 0.196052 0.086355 0.024428 -0.433603 -0.399922 -0.320494 1.514541 0.281299
0.092627 -0.184214 -0.321960 0.851749 0.301521 -1.711437 -0.291381 0.259301 0.610952 -0.003056 0.485006 -0.589690 0.203260 0.085336 0.021850 -0.396454 -0.394698 -0.319918 1.492392 0.279081
0.082932 -0.172202 -0.324026 0.868765 0.306952 -1.818579 -0.314468 0.251269 0.553362 -0.005000 0.534716 -0.552899 0.210467 0.084318 0.019272 -0.359309 -0.389475 -0.319344 1.470242 0.276863
0.073237 -0.160190 -0.326093 0.885780 0.312383 -1.925724 -0.337553 0.243239 0.495772 -0.006944 0.584427 -0.516107 0.217675 0.083300 0.016693 -0.322168 -0.384252 -0.318773 1.448090 0.274645
0.063542 -0.148178 -0.328160 0.902796 0.317814 -2.032870 -0.360637 0.235210 0.438182 -0.008887 0.634138 -0.479316 0.224882 0.082282 0.014115 -0.285031 -0.379029 -0.318205 1.425938 0.272426
0.053846 -0.136166 -0.330226 0.919812 0.323244 -2.140017 -0.383720 0.227181 0.380592 -0.010831 0.683848 -0.442525 0.232090 0.081264 0.011537 -0.247899 -0.373807 -0.317640 1.403784 0.270208
0.044151 -0.124154 -0.332293 0.936827 0.328675 -2.247166 -0.406801 0.219154 0.323001 -0.012775 0.733559 -0.405734 0.239298 0.080245 0.008959 -0.210770 -0.368585 -0.317077 1.381629 0.267989
0.034456 -0.112142 -0.334360 0.953843 0.334106 -2.354316 -0.429882 0.211128 0.265411 -0.014719 0.783269 -0.368943 0.246505 0.079227 0.006381 -0.173646 -0.363363 -0.316517 1.359472 0.265770
0.131408 -0.232262 -0.313693 0.783686 0.279799 -1.282881 -0.199026 0.291437 0.841313 0.004720 0.286164 -0.736854 0.174430 0.089409 0.032163 -0.545076 -0.415596 -0.322240 1.580981 0.287951
0.121713 -0.220250 -0.315760 0.800702 0.285229 -1.390017 -0.222116 0.283402 0.783723 0.002776 0.335874 -0.700063 0.181637 0.088391 0.029584 -0.507914 -0.410371 -0.321655 1.558836 0.285734
0.112018 -0.208238 -0.317826 0.817718 0.290660 -1.497156 -0.245206 0.275367 0.726133 0.000832 0.385585 -0.663272 0.188845 0.087373 0.027006 -0.470756 -0.405147 -0.321073 1.536689 0.283516
0.102323 -0.196226 -0.319893 0.834733 0.296091 -1.604295 -0.268294 0.267333 0.668542 -0.001112 0.435295 -0.626481 0.196052 0.086355 0.024428 -0.433603 -0.399922 -0.320494 1.514541 0.281299
0.092627 -0.184214 -0.321960 0.851749 0.301521 -1.711437 -0.291381 0.259301 0.610952 -0.003056 0.485006 -0.589690 0.203260 0.085336 0.021850 -0.396454 -0.394698 -0.319918 1.492392 0.279081
0.082932 -0.172202 -0.324026 0.868765 0.306952 -1.818579 -0.314468 0.251269 0.553362 -0.005000 0.534716 -0.552899 0.210467 0.084318 0.019272 -0.359309 -0.389475 -0.319344 1.470242 0.276863
0.073237 -0.160190 -0.326093 0.885780 0.312383 -1.925724 -0.337553 0.243239 0.495772 -0.006944 0.584427 -0.516107 0.217675 0.083300 0.016693 -0.322168 -0.384252 -0.318773 1.448090 0.274645
0.063542 -0.148178 -0.328160 0.902796 0.317814 -2.032870 -0.360637 0.235210 0.438182 -0.008887 0.634138 -0.479316 0.224882 0.082282 0.014115 -0.285031 -0.379029 -0.318205 1.425938 0.272426
0.053846 -0.136166 -0.330226 0.919812 0.323244 -2.140017 -0.383720 0.227181 0.380592 -0.010831 0.683848 -0.442525 0.232090 0.081264 0.011537 -0.247899 -0.373807 -0.317640 1.403784 0.270208
0.044151 -0.124154 -0.332293 0.936827 0.328675 -2.247166 -0.406801 0.219154 0.323001 -0.012775 0.733559 -0.405734 0.239298 0.080245 0.008959 -0.210770 -0.368585 -0.317077 1.381629 0.267989
0.034456 -0.112142 -0.334360 0.953843 0.334106 -2.354316 -0.429882 0.211128 0.265411 -0.014719 0.783269 -0.368943 0.246505 0.079227 0.006381 -0.173646 -0.363363 -0.316517 1.359472 0.265770
0.131408 -0.232262 -0.313693 0.783686 0.279799 -1.282881 -0.199026 0.291437 0.841313 0.004720 0.286164 -0.736854 0.174430 0.089409 0.032163 -0.545076 -0.415596 -0.322240 1.580981 0.287951
0.121713 -0.220250 -0.315760 0.800702 0.285229 -1.390017 -0.222116 0.283402 0.783723 0.002776 0.335874 -0.700063 0.181637 0.088391 0.029584 -0.507914 -0.410371 -0.321655 1.558836 0.285734
0.112018 -0.208238 -0.317826 0.817718 0.290660 -1.497156 -0.245206 0.275367 0.726133 0.000832 0.385585 -0.663272 0.188845 0.087373 0.027006 -0.470756 -0.405147 -0.321073 1.536689 0.283516
0.102323 -0.196226 -0.319893 0.834733 0.296091 -1.604295 -0.268294 0.267333 0.668542 -0.001112 0.435295 -0.626481 0.196052 0.086355 0.024428 -0.433603 -0.399922 -0.320494 1.514541 0.281299
0.092627 -0.184214 -0.321960 0.851749 0.301521 -1.711437 -0.291381 0.259301 0.610952 -0.003056 0.485006 -0.589690 0.203260 0.085336 0.021850 -0.396454 -0.394698 -0.319918 1.492392 0.279081
0.082932 -0.172202 -0.324026 0.868765 0.306952 -1.818579 -0.314468 0.251269 0.553362 -0.005000 0.534716 -0.552899 0.210467 0.084318 0.019272 -0.359309 -0.389475 -0.319344 1.470242 0.276863
0.073237 -0.160190 -0.326093 0.885780 0.312383 -1.925724 -0.337553 0.243239 0.495772 -0.006944 0.584427 -0.516107 0.217675 0.083300 0.016693 -0.322168 -0.384252 -0.318773 1.448090 0.274645
0.063542 -0.148178 -0.328160 0.902796 0.317814 -2.032870 -0.360637 0.235210 0.438182 -0.008887 0.634138 -0.479316 0.224882 0.082282 0.014115 -0.285031 -0.379029 -0.318205 1.425938 0.272426
0.053846 -0.136166 -0.330226 0.919812 0.323244 -2.140017 -0.383720 0.227181 0.380592 -0.010831 0.683848 -0.442525 0.232090 0.081264 0.011537 -0.247899 -0.373807 -0.317640 1.403784 0.270208
0.044151 -0.124154 -0.332293 0.936827 0.328675 -2.247166 -0.406801 0.219154 0.323001 -0.012775 0.733559 -0.405734 0.239298 0.080245 0.008959 -0.210770 -0.368585 -0.317077 1.381629 0.267989
0.034456 -0.112142 -0.334360 0.953843 0.334106 -2.354316 -0.429882 0.211128 0.265411 -0.014719 0.783269 -0.368943 0.246505 0.079227 0.006381 -0.173646 -0.363363 -0.316517 1.359472 0.265770
