2.360699 -0.373708 0.199370 0.168276 0.012159 -0.068985 -0.558603 -0.174702 0.092530 -0.083623 0.089383 -0.271878 -0.103720 1.249490 0.101833 -0.790908 -0.424484 0.231199 0.198290 -0.012343
2.245271 -0.364041 0.198724 0.168801 0.013799 -0.054629 -0.557930 -0.173332 0.092944 -0.083665 0.025617 -0.323764 -0.079544 1.245501 0.109309 -0.912781 -0.433370 0.208465 0.270880 -0.009344
2.129843 -0.354374 0.198079 0.169327 0.015438 -0.040272 -0.557256 -0.171962 0.093359 -0.083707 -0.038148 -0.375650 -0.055368 1.241511 0.116785 -1.034653 -0.442257 0.185730 0.343470 -0.006345
2.014415 -0.344706 0.197433 0.169853 0.017077 -0.025915 -0.556583 -0.170593 0.093773 -0.083748 -0.101914 -0.427536 -0.031193 1.237522 0.124262 -1.156525 -0.451143 0.162996 0.416061 -0.003346
1.898987 -0.335039 0.196787 0.170379 0.018717 -0.011559 -0.555909 -0.169223 0.094188 -0.083790 -0.165679 -0.479422 -0.007017 1.233533 0.131738 -1.278398 -0.460029 0.140261 0.488651 -0.000346
1.783559 -0.325372 0.196141 0.170904 0.020356 0.002798 -0.555236 -0.167853 0.094602 -0.083832 -0.229445 -0.531308 0.017159 1.229544 0.139215 -1.400270 -0.468916 0.117527 0.561242 0.002653
1.668132 -0.315704 0.195495 0.171430 0.021995 0.017154 -0.554562 -0.166483 0.095017 -0.083874 -0.293211 -0.583194 0.041335 1.225554 0.146691 -1.522142 -0.477802 0.094792 0.633832 0.005652
1.552704 -0.306037 0.194849 0.171956 0.023635 0.031511 -0.553889 -0.165114 0.095431 -0.083915 -0.356976 -0.635080 0.065511 1.221565 0.154168 -1.644015 -0.486688 0.072058 0.706423 0.008651
1.437276 -0.296370 0.194204 0.172481 0.025274 0.045867 -0.553215 -0.163744 0.095846 -0.083957 -0.420742 -0.686966 0.089687 1.217576 0.161644 -1.765887 -0.495574 0.049323 0.779013 0.011651
1.321848 -0.286702 0.193558 0.173007 0.026913 0.060224 -0.552542 -0.162374 0.096260 -0.083999 -0.484507 -0.738852 0.113863 1.213587 0.169120 -1.887760 -0.504460 0.026589 0.851604 0.014650
1.206420 -0.277035 0.192912 0.173533 0.028553 0.074580 -0.551869 -0.161004 0.096675 -0.084040 -0.548273 -0.790738 0.138039 1.209598 0.176597 -2.009632 -0.513346 0.003854 0.924194 0.017649
2.360699 -0.373708 0.199370 0.168276 0.012159 -0.068985 -0.558603 -0.174702 0.092530 -0.083623 0.089383 -0.271878 -0.103720 1.249490 0.101833 -0.790908 -0.424484 0.231199 0.198290 -0.012343
2.245271 -0.364041 0.198724 0.168801 0.013799 -0.054629 -0.557930 -0.173332 0.092944 -0.083665 0.025617 -0.323764 -0.079544 1.245501 0.109309 -0.912781 -0.433370 0.208465 0.270880 -0.009344
2.129843 -0.354374 0.198079 0.169327 0.015438 -0.040272 -0.557256 -0.171962 0.093359 -0.083707 -0.038148 -0.375650 -0.055368 1.241511 0.116785 -1.034653 -0.442257 0.185730 0.343470 -0.006345
2.014415 -0.344706 0.197433 0.169853 0.017077 -0.025915 -0.556583 -0.170593 0.093773 -0.083748 -0.101914 -0.427536 -0.031193 1.237522 0.124262 -1.156525 -0.451143 0.162996 0.416061 -0.003346
1.898987 -0.335039 0.196787 0.170379 0.018717 -0.011559 -0.555909 -0.169223 0.094188 -0.083790 -0.165679 -0.479422 -0.007017 1.233533 0.131738 -1.278398 -0.460029 0.140261 0.488651 -0.000346
1.783559 -0.325372 0.196141 0.170904 0.020356 0.002798 -0.555236 -0.167853 0.094602 -0.083832 -0.229445 -0.531308 0.017159 1.229544 0.139215 -1.400270 -0.468916 0.117527 0.561242 0.002653
1.668132 -0.315704 0.195495 0.171430 0.021995 0.017154 -0.554562 -0.166483 0.095017 -0.083874 -0.293211 -0.583194 0.041335 1.225554 0.146691 -1.522142 -0.477802 0.094792 0.633832 0.005652
1.552704 -0.306037 0.194849 0.171956 0.023635 0.031511 -0.553889 -0.165114 0.095431 -0.083915 -0.356976 -0.635080 0.065511 1.221565 0.154168 -1.644015 -0.486688 0.072058 0.706423 0.008651
1.437276 -0.296370 0.194204 0.172481 0.025274 0.045867 -0.553215 -0.163744 0.095846 -0.083957 -0.420742 -0.686966 0.089687 1.217576 0.161644 -1.765887 -0.495574 0.049323 0.779013 0.011651
1.321848 -0.286702 0.193558 0.173007 0.026913 0.060224 -0.552542 -0.162374 0.096260 -0.083999 -0.484507 -0.738852 0.113863 1.213587 0.169120 -1.887760 -0.504460 0.026589 0.851604 0.014650
1.206420 -0.277035 0.192912 0.173533 0.028553 0.074580 -0.551869 -0.161004 0.096675 -0.084040 -0.548273 -0.790738 0.138039 1.209598 0.176597 -2.009632 -0.513346 0.003854 0.924194 0.017649
2.360699 -0.373708 0.199370 0.168276 0.012159 -0.068985 -0.558603 -0.174702 0.092530 -0.083623 0.089383 -0.271878 -0.103720 1.249490 0.101833 -0.790908 -0.424484 0.231199 0.198290 -0.012343
2.245271 -0.364041 0.198724 0.168801 0.013799 -0.054629 -0.557930 -0.173332 0.092944 -0.083665 0.025617 -0.323764 -0.079544 1.245501 0.109309 -0.912781 -0.433370 0.208465 0.270880 -0.009344
2.129843 -0.354374 0.198079 0.169327 0.015438 -0.040272 -0.557256 -0.171962 0.093359 -0.083707 -0.038148 -0.375650 -0.055368 1.241511 0.116785 -1.034653 -0.442257 0.185730 0.343470 -0.006345
2.014415 -0.344706 0.197433 0.169853 0.017077 -0.025915 -0.556583 -0.170593 0.093773 -0.083748 -0.101914 -0.427536 -0.031193 1.237522 0.124262 -1.156525 -0.451143 0.162996 0.416061 -0.003346
1.898987 -0.335039 0.196787 0.170379 0.018717 -0.011559 -0.555909 -0.169223 0.094188 -0.083790 -0.165679 -0.479422 -0.007017 1.233533 0.131738 -1.278398 -0.460029 0.140261 0.488651 -0.000346
1.783559 -0.325372 0.196141 0.170904 0.020356 0.002798 -0.555236 -0.167853 0.094602 -0.083832 -0.229445 -0.531308 0.017159 1.229544 0.139215 -1.400270 -0.468916 0.117527 0.561242 0.002653
1.668132 -0.315704 0.195495 0.171430 0.021995 0.017154 -0.554562 -0.166483 0.095017 -0.083874 -0.293211 -0.583194 0.041335 1.225554 0.146691 -1.522142 -0.477802 0.094792 0.633832 0.005652
1.552704 -0.306037 0.194849 0.171956 0.023635 0.031511 -0.553889 -0.165114 0.095431 -0.083915 -0.356976 -0.635080 0.065511 1.221565 0.154168 -1.644015 -0.486688 0.072058 0.706423 0.008651
1.437276 -0.296370 0.194204 0.172481 0.025274 0.045867 -0.553215 -0.163744 0.095846 -0.083957 -0.420742 -0.686966 0.089687 1.217576 0.161644 -1.765887 -0.495574 0.049323 0.779013 0.011651
1.321848 -0.286702 0.193558 0.173007 0.026913 0.060224 -0.552542 -0.162374 0.096260 -0.083999 -0.484507 -0.738852 0.113863 1.213587 0.169120 -1.887760 -0.504460 0.026589 0.851604 0.014650
1.206420 -0.277035 0.192912 0.173533 0.028553 0.074580 -0.551869 -0.161004 0.096675 -0.084040 -0.548273 -0.790738 0.138039 1.209598 0.176597 -2.009632 -0.513346 0.003854 0.924194 0.017649
2.360699 -0.373708 0.199370 0.168276 0.012159 -0.068985 -0.558603 -0.174702 0.092530 -0.083623 0.089383 -0.271878 -0.103720 1.249490 0.101833 -0.790908 -0.424484 0.231199 0.198290 -0.012343
2.245271 -0.364041 0.198724 0.168801 0.013799 -0.054629 -0.557930 -0.173332 0.092944 -0.083665 0.025617 -0.323764 -0.079544 1.245501 0.109309 -0.912781 -0.433370 0.208465 0.270880 -0.009344
2.129843 -0.354374 0.198079 0.169327 0.015438 -0.040272 -0.557256 -0.171962 0.093359 -0.083707 -0.038148 -0.375650 -0.055368 1.241511 0.116785 -1.034653 -0.442257 0.185730 0.343470 -0.006345
2.014415 -0.344706 0.197433 0.169853 0.017077 -0.025915 -0.556583 -0.170593 0.093773 -0.083748 -0.101914 -0.427536 -0.031193 1.237522 0.124262 -1.156525 -0.451143 0.162996 0.416061 -0.003346
1.898987 -0.335039 0.196787 0.170379 0.018717 -0.011559 -0.555909 -0.169223 0.094188 -0.083790 -0.165679 -0.479422 -0.007017 1.233533 0.131738 -1.278398 -0.460029 0.140261 0.488651 -0.000346
1.783559 -0.325372 0.196141 0.170904 0.020356 0.002798 -0.555236 -0.167853 0.094602 -0.083832 -0.229445 -0.531308 0.017159 1.229544 0.139215 -1.400270 -0.468916 0.117527 0.561242 0.002653
1.668132 -0.315704 0.195495 0.171430 0.021995 0.017154 -0.554562 -0.166483 0.095017 -0.083874 -0.293211 -0.583194 0.041335 1.225554 0.146691 -1.522142 -0.477802 0.094792 0.633832 0.005652
1.552704 -0.306037 0.194849 0.171956 0.023635 0.031511 -0.553889 -0.165114 0.095431 -0.083915 -0.356976 -0.635080 0.065511 1.221565 0.154168 -1.644015 -0.486688 0.072058 0.706423 0.008651
1.437276 -0.296370 0.194204 0.172481 0.025274 0.045867 -0.553215 -0.163744 0.095846 -0.083957 -0.420742 -0.686966 0.089687 1.217576 0.161644 -1.765887 -0.495574 0.049323 0.779013 0.011651
1.321848 -0.286702 0.193558 0.173007 0.026913 0.060224 -0.552542 -0.162374 0.096260 -0.083999 -0.484507 -0.738852 0.113863 1.213587 0.169120 -1.887760 -0.504460 0.026589 0.851604 0.014650
1.206420 -0.277035 0.192912 0.173533 0.028553 0.074580 -0.551869 -0.161004 0.096675 -0.084040 -0.548273 -0.790738 0.138039 1.209598 0.176597 -2.009632 -0.513346 0.003854 0.924194 0.017649
