2.360699 -0.373708 0.199370 0.168276 0.012159 -0.068985 -0.558603 -0.174702 0.092530 -0.083623 0.089383 -0.271878 -0.103720 1.249490 0.101833 -0.790908 -0.424484 0.231199 0.198290 -0.012343
2.360699 -0.373708 0.199370 0.168276 0.012159 -0.068985 -0.558603 -0.174702 0.092530 -0.083623 0.089383 -0.271878 -0.103720 1.249490 0.101833 -0.790908 -0.424484 0.231199 0.198290 -0.012343
2.360699 -0.373708 0.199370 0.168276 0.012159 -0.068985 -0.558603 -0.174702 0.092530 -0.083623 0.089383 -0.271878 -0.103720 1.249490 0.101833 -0.790908 -0.424484 0.231199 0.198290 -0.012343
2.360699 -0.373708 0.199370 0.168276 0.012159 -0.068985 -0.558603 -0.174702 0.092530 -0.083623 0.089383 -0.271878 -0.103720 1.249490 0.101833 -0.790908 -0.424484 0.231199 0.198290 -0.012343
2.360699 -0.373708 0.199370 0.168276 0.012159 -0.068985 -0.558603 -0.174702 0.092530 -0.083623 0.089383 -0.271878 -0.103720 1.249490 0.101833 -0.790908 -0.424484 0.231199 0.198290 -0.012343
2.360699 -0.373708 0.199370 0.168276 0.012159 -0.068985 -0.558603 -0.174702 0.092530 -0.083623 0.089383 -0.271878 -0.103720 1.249490 0.101833 -0.790908 -0.424484 0.231199 0.198290 -0.012343
2.360699 -0.373708 0.199370 0.168276 0.012159 -0.068985 -0.558603 -0.174702 0.092530 -0.083623 0.089383 -0.271878 -0.103720 1.249490 0.101833 -0.790908 -0.424484 0.231199 0.198290 -0.012343
2.360699 -0.373708 0.199370 0.168276 0.012159 -0.068985 -0.558603 -0.174702 0.092530 -0.083623 0.089383 -0.271878 -0.103720 1.249490 0.101833 -0.790908 -0.424484 0.231199 0.198290 -0.012343
2.360699 -0.373708 0.199370 0.168276 0.012159 -0.068985 -0.558603 -0.174702 0.092530 -0.083623 0.089383 -0.271878 -0.103720 1.249490 0.101833 -0.790908 -0.424484 0.231199 0.198290 -0.012343
2.360699 -0.373708 0.199370 0.168276 0.012159 -0.068985 -0.558603 -0.174702 0.092530 -0.083623 0.089383 -0.271878 -0.103720 1.249490 0.101833 -0.790908 -0.424484 0.231199 0.198290 -0.012343
2.360699 -0.373708 0.199370 0.168276 0.012159 -0.068985 -0.558603 -0.174702 0.092530 -0.083623 0.089383 -0.271878 -0.103720 1.249490 0.101833 -0.790908 -0.424484 0.231199 0.198290 -0.012343
2.360699 -0.373708 0.199370 0.168276 0.012159 -0.068985 -0.558603 -0.174702 0.092530 -0.083623 0.089383 -0.271878 -0.103720 1.249490 0.101833 -0.790908 -0.424484 0.231199 0.198290 -0.012343
2.360699 -0.373708 0.199370 0.168276 0.012159 -0.068985 -0.558603 -0.174702 0.092530 -0.083623 0.089383 -0.271878 -0.103720 1.249490 0.101833 -0.790908 -0.424484 0.231199 0.198290 -0.012343
2.360699 -0.373708 0.199370 0.168276 0.012159 -0.068985 -0.558603 -0.174702 0.092530 -0.083623 0.089383 -0.271878 -0.103720 1.249490 0.101833 -0.790908 -0.424484 0.231199 0.198290 -0.012343
2.360699 -0.373708 0.199370 0.168276 0.012159 -0.068985 -0.558603 -0.174702 0.092530 -0.083623 0.089383 -0.271878 -0.103720 1.249490 0.101833 -0.790908 -0.424484 0.231199 0.198290 -0.012343
2.360699 -0.373708 0.199370 0.168276 0.012159 -0.068985 -0.558603 -0.174702 0.092530 -0.083623 0.089383 -0.271878 -0.103720 1.249490 0.101833 -0.790908 -0.424484 0.231199 0.198290 -0.012343
2.360699 -0.373708 0.199370 0.168276 0.012159 -0.068985 -0.558603 -0.174702 0.092530 -0.083623 0.089383 -0.271878 -0.103720 1.249490 0.101833 -0.790908 -0.424484 0.231199 0.198290 -0.012343
2.360699 -0.373708 0.199370 0.168276 0.012159 -0.068985 -0.558603 -0.174702 0.092530 -0.083623 0.089383 -0.271878 -0.103720 1.249490 0.101833 -0.790908 -0.424484 0.231199 0.198290 -0.012343
2.360699 -0.373708 0.199370 0.168276 0.012159 -0.068985 -0.558603 -0.174702 0.092530 -0.083623 0.089383 -0.271878 -0.103720 1.249490 0.101833 -0.790908 -0.424484 0.231199 0.198290 -0.012343
2.360699 -0.373708 0.199370 0.168276 0.012159 -0.068985 -0.558603 -0.174702 0.092530 -0.083623 0.089383 -0.271878 -0.103720 1.249490 0.101833 -0.790908 -0.424484 0.231199 0.198290 -0.012343
2.360699 -0.373708 0.199370 0.168276 0.012159 -0.068985 -0.558603 -0.174702 0.092530 -0.083623 0.089383 -0.271878 -0.103720 1.249490 0.101833 -0.790908 -0.424484 0.231199 0.198290 -0.012343
2.360699 -0.373708 0.199370 0.168276 0.012159 -0.068985 -0.558603 -0.174702 0.092530 -0.083623 0.089383 -0.271878 -0.103720 1.249490 0.101833 -0.790908 -0.424484 0.231199 0.198290 -0.012343
2.360699 -0.373708 0.199370 0.168276 0.012159 -0.068985 -0.558603 -0.174702 0.092530 -0.083623 0.089383 -0.271878 -0.103720 1.249490 0.101833 -0.790908 -0.424484 0.231199 0.198290 -0.012343
2.360699 -0.373708 0.199370 0.168276 0.012159 -0.068985 -0.558603 -0.174702 0.092530 -0.083623 0.089383 -0.271878 -0.103720 1.249490 0.101833 -0.790908 -0.424484 0.231199 0.198290 -0.012343
2.360699 -0.373708 0.199370 0.168276 0.012159 -0.068985 -0.558603 -0.174702 0.092530 -0.083623 0.089383 -0.271878 -0.103720 1.249490 0.101833 -0.790908 -0.424484 0.231199 0.198290 -0.012343
2.360699 -0.373708 0.199370 0.168276 0.012159 -0.068985 -0.558603 -0.174702 0.092530 -0.083623 0.089383 -0.271878 -0.103720 1.249490 0.101833 -0.790908 -0.424484 0.231199 0.198290 -0.012343
2.360699 -0.373708 0.199370 0.168276 0.012159 -0.068985 -0.558603 -0.174702 0.092530 -0.083623 0.089383 -0.271878 -0.103720 1.249490 0.101833 -0.790908 -0.424484 0.231199 0.198290 -0.012343
2.360699 -0.373708 0.199370 0.168276 0.012159 -0.068985 -0.558603 -0.174702 0.092530 -0.083623 0.089383 -0.271878 -0.103720 1.249490 0.101833 -0.790908 -0.424484 0.231199 0.198290 -0.012343
2.360699 -0.373708 0.199370 0.168276 0.012159 -0.068985 -0.558603 -0.174702 0.092530 -0.083623 0.089383 -0.271878 -0.103720 1.249490 0.101833 -0.790908 -0.424484 0.231199 0.198290 -0.012343
2.360699 -0.373708 0.199370 0.168276 0.012159 -0.068985 -0.558603 -0.174702 0.092530 -0.083623 0.089383 -0.271878 -0.103720 1.249490 0.101833 -0.790908 -0.424484 0.231199 0.198290 -0.012343
2.360699 -0.373708 0.199370 0.168276 0.012159 -0.068985 -0.558603 -0.174702 0.092530 -0.083623 0.089383 -0.271878 -0.103720 1.249490 0.101833 -0.790908 -0.424484 0.231199 0.198290 -0.012343
2.360699 -0.373708 0.199370 0.168276 0.012159 -0.068985 -0.558603 -0.174702 0.092530 -0.083623 0.089383 -0.271878 -0.103720 1.249490 0.101833 -0.790908 -0.424484 0.231199 0.198290 -0.012343
2.360699 -0.373708 0.199370 0.168276 0.012159 -0.068985 -0.558603 -0.174702 0.092530 -0.083623 0.089383 -0.271878 -0.103720 1.249490 0.101833 -0.790908 -0.424484 0.231199 0.198290 -0.012343
