0.735016 -0.339632 -0.136822 0.595935 0.204783 0.000000 0.274135 -0.067256 1.353903 0.000000 -0.436204 -0.752068 0.098503 0.081245 0.073307 -1.483407 0.000475 -0.484313 1.973241 0.479499
0.674655 -0.328895 -0.154509 0.614710 0.212285 -0.128288 0.226819 -0.031387 1.302644 0.000472 -0.363968 -0.750547 0.106096 0.082061 0.069193 -1.389574 -0.041132 -0.468106 1.934015 0.460344
0.614295 -0.318158 -0.172196 0.633485 0.219786 -0.256576 0.179503 0.004482 1.251385 0.000944 -0.291731 -0.749025 0.113688 0.082878 0.065078 -1.295741 -0.082739 -0.451899 1.894789 0.441189
0.553934 -0.307421 -0.189884 0.652260 0.227288 -0.384864 0.132187 0.040352 1.200126 0.001416 -0.219494 -0.747504 0.121281 0.083694 0.060964 -1.201907 -0.124346 -0.435691 1.855563 0.422035
0.493573 -0.296684 -0.207571 0.671035 0.234789 -0.513152 0.084871 0.076221 1.148867 0.001888 -0.147257 -0.745982 0.128874 0.084511 0.056849 -1.108074 -0.165954 -0.419484 1.816337 0.402880
0.433212 -0.285947 -0.225258 0.689811 0.242291 -0.641440 0.037555 0.112090 1.097608 0.002360 -0.075021 -0.744461 0.136466 0.085327 0.052735 -1.014241 -0.207561 -0.403277 1.777111 0.383725
0.372851 -0.275210 -0.242945 0.708586 0.249793 -0.769728 -0.009761 0.147960 1.046349 0.002832 -0.002784 -0.742940 0.144059 0.086144 0.048620 -0.920408 -0.249168 -0.387069 1.737885 0.364570
0.312491 -0.264473 -0.260632 0.727361 0.257294 -0.898016 -0.057078 0.183829 0.995090 0.003304 0.069453 -0.741418 0.151652 0.086960 0.044506 -0.826575 -0.290775 -0.370862 1.698659 0.345415
0.252130 -0.253736 -0.278319 0.746136 0.264796 -1.026304 -0.104394 0.219698 0.943831 0.003776 0.141690 -0.739897 0.159244 0.087776 0.040391 -0.732742 -0.332382 -0.354655 1.659433 0.326260
0.191769 -0.242999 -0.296006 0.764911 0.272297 -1.154593 -0.151710 0.255568 0.892572 0.004248 0.213927 -0.738376 0.166837 0.088593 0.036277 -0.638909 -0.373989 -0.338447 1.620207 0.307106
0.131408 -0.232262 -0.313693 0.783686 0.279799 -1.282881 -0.199026 0.291437 0.841313 0.004720 0.286164 -0.736854 0.174430 0.089409 0.032163 -0.545076 -0.415596 -0.322240 1.580981 0.287951
0.735016 -0.339632 -0.136822 0.595935 0.204783 0.000000 0.274135 -0.067256 1.353903 0.000000 -0.436204 -0.752068 0.098503 0.081245 0.073307 -1.483407 0.000475 -0.484313 1.973241 0.479499
0.674655 -0.328895 -0.154509 0.614710 0.212285 -0.128288 0.226819 -0.031387 1.302644 0.000472 -0.363968 -0.750547 0.106096 0.082061 0.069193 -1.389574 -0.041132 -0.468106 1.934015 0.460344
0.614295 -0.318158 -0.172196 0.633485 0.219786 -0.256576 0.179503 0.004482 1.251385 0.000944 -0.291731 -0.749025 0.113688 0.082878 0.065078 -1.295741 -0.082739 -0.451899 1.894789 0.441189
0.553934 -0.307421 -0.189884 0.652260 0.227288 -0.384864 0.132187 0.040352 1.200126 0.001416 -0.219494 -0.747504 0.121281 0.083694 0.060964 -1.201907 -0.124346 -0.435691 1.855563 0.422035
0.493573 -0.296684 -0.207571 0.671035 0.234789 -0.513152 0.084871 0.076221 1.148867 0.001888 -0.147257 -0.745982 0.128874 0.084511 0.056849 -1.108074 -0.165954 -0.419484 1.816337 0.402880
0.433212 -0.285947 -0.225258 0.689811 0.242291 -0.641440 0.037555 0.112090 1.097608 0.002360 -0.075021 -0.744461 0.136466 0.085327 0.052735 -1.014241 -0.207561 -0.403277 1.777111 0.383725
0.372851 -0.275210 -0.242945 0.708586 0.249793 -0.769728 -0.009761 0.147960 1.046349 0.002832 -0.002784 -0.742940 0.144059 0.086144 0.048620 -0.920408 -0.249168 -0.387069 1.737885 0.364570
0.312491 -0.264473 -0.260632 0.727361 0.257294 -0.898016 -0.057078 0.183829 0.995090 0.003304 0.069453 -0.741418 0.151652 0.086960 0.044506 -0.826575 -0.290775 -0.370862 1.698659 0.345415
0.252130 -0.253736 -0.278319 0.746136 0.264796 -1.026304 -0.104394 0.219698 0.943831 0.003776 0.141690 -0.739897 0.159244 0.087776 0.040391 -0.732742 -0.332382 -0.354655 1.659433 0.326260
0.191769 -0.242999 -0.296006 0.764911 0.272297 -1.154593 -0.151710 0.255568 0.892572 0.004248 0.213927 -0.738376 0.166837 0.088593 0.036277 -0.638909 -0.373989 -0.338447 1.620207 0.307106
0.131408 -0.232262 -0.313693 0.783686 0.279799 -1.282881 -0.199026 0.291437 0.841313 0.004720 0.286164 -0.736854 0.174430 0.089409 0.032163 -0.545076 -0.415596 -0.322240 1.580981 0.287951
0.735016 -0.339632 -0.136822 0.595935 0.204783 0.000000 0.274135 -0.067256 1.353903 0.000000 -0.436204 -0.752068 0.098503 0.081245 0.073307 -1.483407 0.000475 -0.484313 1.973241 0.479499
0.674655 -0.328895 -0.154509 0.614710 0.212285 -0.128288 0.226819 -0.031387 1.302644 0.000472 -0.363968 -0.750547 0.106096 0.082061 0.069193 -1.389574 -0.041132 -0.468106 1.934015 0.460344
0.614295 -0.318158 -0.172196 0.633485 0.219786 -0.256576 0.179503 0.004482 1.251385 0.000944 -0.291731 -0.749025 0.113688 0.082878 0.065078 -1.295741 -0.082739 -0.451899 1.894789 0.441189
0.553934 -0.307421 -0.189884 0.652260 0.227288 -0.384864 0.132187 0.040352 1.200126 0.001416 -0.219494 -0.747504 0.121281 0.083694 0.060964 -1.201907 -0.124346 -0.435691 1.855563 0.422035
0.493573 -0.296684 -0.207571 0.671035 0.234789 -0.513152 0.084871 0.076221 1.148867 0.001888 -0.147257 -0.745982 0.128874 0.084511 0.056849 -1.108074 -0.165954 -0.419484 1.816337 0.402880
0.433212 -0.285947 -0.225258 0.689811 0.242291 -0.641440 0.037555 0.112090 1.097608 0.002360 -0.075021 -0.744461 0.136466 0.085327 0.052735 -1.014241 -0.207561 -0.403277 1.777111 0.383725
0.372851 -0.275210 -0.242945 0.708586 0.249793 -0.769728 -0.009761 0.147960 1.046349 0.002832 -0.002784 -0.742940 0.144059 0.086144 0.048620 -0.920408 -0.249168 -0.387069 1.737885 0.364570
0.312491 -0.264473 -0.260632 0.727361 0.257294 -0.898016 -0.057078 0.183829 0.995090 0.003304 0.069453 -0.741418 0.151652 0.086960 0.044506 -0.826575 -0.290775 -0.370862 1.698659 0.345415
0.252130 -0.253736 -0.278319 0.746136 0.264796 -1.026304 -0.104394 0.219698 0.943831 0.003776 0.141690 -0.739897 0.159244 0.087776 0.040391 -0.732742 -0.332382 -0.354655 1.659433 0.326260
0.191769 -0.242999 -0.296006 0.764911 0.272297 -1.154593 -0.151710 0.255568 0.892572 0.004248 0.213927 -0.738376 0.166837 0.088593 0.036277 -0.638909 -0.373989 -0.338447 1.620207 0.307106
0.131408 -0.232262 -0.313693 0.783686 0.279799 -1.282881 -0.199026 0.291437 0.841313 0.004720 0.286164 -0.736854 0.174430 0.089409 0.032163 -0.545076 -0.415596 -0.322240 1.580981 0.287951
0.735016 -0.339632 -0.136822 0.595935 0.204783 0.000000 0.274135 -0.067256 1.353903 0.000000 -0.436204 -0.752068 0.098503 0.081245 0.073307 -1.483407 0.000475 -0.484313 1.973241 0.479499
0.674655 -0.328895 -0.154509 0.614710 0.212285 -0.128288 0.226819 -0.031387 1.302644 0.000472 -0.363968 -0.750547 0.106096 0.082061 0.069193 -1.389574 -0.041132 -0.468106 1.934015 0.460344
0.614295 -0.318158 -0.172196 0.633485 0.219786 -0.256576 0.179503 0.004482 1.251385 0.000944 -0.291731 -0.749025 0.113688 0.082878 0.065078 -1.295741 -0.082739 -0.451899 1.894789 0.441189
0.553934 -0.307421 -0.189884 0.652260 0.227288 -0.384864 0.132187 0.040352 1.200126 0.001416 -0.219494 -0.747504 0.121281 0.083694 0.060964 -1.201907 -0.124346 -0.435691 1.855563 0.422035
0.493573 -0.296684 -0.207571 0.671035 0.234789 -0.513152 0.084871 0.076221 1.148867 0.001888 -0.147257 -0.745982 0.128874 0.084511 0.056849 -1.108074 -0.165954 -0.419484 1.816337 0.402880
0.433212 -0.285947 -0.225258 0.689811 0.242291 -0.641440 0.037555 0.112090 1.097608 0.002360 -0.075021 -0.744461 0.136466 0.085327 0.052735 -1.014241 -0.207561 -0.403277 1.777111 0.383725
0.372851 -0.275210 -0.242945 0.708586 0.249793 -0.769728 -0.009761 0.147960 1.046349 0.002832 -0.002784 -0.742940 0.144059 0.086144 0.048620 -0.920408 -0.249168 -0.387069 1.737885 0.364570
0.312491 -0.264473 -0.260632 0.727361 0.257294 -0.898016 -0.057078 0.183829 0.995090 0.003304 0.069453 -0.741418 0.151652 0.086960 0.044506 -0.826575 -0.290775 -0.370862 1.698659 0.345415
0.252130 -0.253736 -0.278319 0.746136 0.264796 -1.026304 -0.104394 0.219698 0.943831 0.003776 0.141690 -0.739897 0.159244 0.087776 0.040391 -0.732742 -0.332382 -0.354655 1.659433 0.326260
0.191769 -0.242999 -0.296006 0.764911 0.272297 -1.154593 -0.151710 0.255568 0.892572 0.004248 0.213927 -0.738376 0.166837 0.088593 0.036277 -0.638909 -0.373989 -0.338447 1.620207 0.307106
0.131408 -0.232262 -0.313693 0.783686 0.279799 -1.282881 -0.199026 0.291437 0.841313 0.004720 0.286164 -0.736854 0.174430 0.089409 0.032163 -0.545076 -0.415596 -0.322240 1.580981 0.287951
