0.735016 -0.339632 -0.136822 0.595935 0.204783 0.000000 0.274135 -0.067256 1.353903 0.000000 -0.436205 -0.752068 0.098503 0.081245 0.073307 -1.483407 0.000475 -0.484313 1.973241 0.479499
0.735016 -0.339632 -0.136822 0.595935 0.204783 0.000000 0.274135 -0.067256 1.353903 0.000000 -0.436205 -0.752068 0.098503 0.081245 0.073307 -1.483407 0.000475 -0.484313 1.973241 0.479499
0.735016 -0.339632 -0.136822 0.595935 0.204783 0.000000 0.274135 -0.067256 1.353903 0.000000 -0.436205 -0.752068 0.098503 0.081245 0.073307 -1.483407 0.000475 -0.484313 1.973241 0.479499
0.735016 -0.339632 -0.136822 0.595935 0.204783 0.000000 0.274135 -0.067256 1.353903 0.000000 -0.436205 -0.752068 0.098503 0.081245 0.073307 -1.483407 0.000475 -0.484313 1.973241 0.479499
0.735016 -0.339632 -0.136822 0.595935 0.204783 0.000000 0.274135 -0.067256 1.353903 0.000000 -0.436204 -0.752068 0.098503 0.081245 0.073307 -1.483407 0.000475 -0.484313 1.973241 0.479499
0.735016 -0.339632 -0.136822 0.595935 0.204783 0.000000 0.274135 -0.067256 1.353903 0.000000 -0.436204 -0.752068 0.098503 0.081245 0.073307 -1.483407 0.000475 -0.484313 1.973241 0.479499
0.735016 -0.339632 -0.136822 0.595935 0.204783 0.000000 0.274135 -0.067256 1.353903 0.000000 -0.436204 -0.752068 0.098503 0.081245 0.073307 -1.483407 0.000475 -0.484313 1.973241 0.479499
0.735016 -0.339632 -0.136822 0.595935 0.204783 0.000000 0.274135 -0.067256 1.353903 0.000000 -0.436204 -0.752068 0.098503 0.081245 0.073307 -1.483407 0.000475 -0.484313 1.973241 0.479499
0.735016 -0.339632 -0.136822 0.595935 0.204783 0.000000 0.274135 -0.067256 1.353903 0.000000 -0.436204 -0.752068 0.098503 0.081245 0.073307 -1.483407 0.000475 -0.484313 1.973241 0.479499
0.735016 -0.339632 -0.136822 0.595935 0.204783 0.000000 0.274135 -0.067256 1.353903 0.000000 -0.436204 -0.752068 0.098503 0.081245 0.073307 -1.483407 0.000475 -0.484313 1.973241 0.479499
0.735016 -0.339632 -0.136822 0.595935 0.204783 0.000000 0.274135 -0.067256 1.353903 0.000000 -0.436204 -0.752068 0.098503 0.081245 0.073307 -1.483407 0.000475 -0.484313 1.973241 0.479499
0.735016 -0.339632 -0.136822 0.595935 0.204783 0.000000 0.274135 -0.067256 1.353903 0.000000 -0.436205 -0.752068 0.098503 0.081245 0.073307 -1.483407 0.000475 -0.484313 1.973241 0.479499
0.735016 -0.339632 -0.136822 0.595935 0.204783 0.000000 0.274135 -0.067256 1.353903 0.000000 -0.436205 -0.752068 0.098503 0.081245 0.073307 -1.483407 0.000475 -0.484313 1.973241 0.479499
0.735016 -0.339632 -0.136822 0.595935 0.204783 0.000000 0.274135 -0.067256 1.353903 0.000000 -0.436205 -0.752068 0.098503 0.081245 0.073307 -1.483407 0.000475 -0.484313 1.973241 0.479499
0.735016 -0.339632 -0.136822 0.595935 0.204783 0.000000 0.274135 -0.067256 1.353903 0.000000 -0.436205 -0.752068 0.098503 0.081245 0.073307 -1.483407 0.000475 -0.484313 1.973241 0.479499
0.735016 -0.339632 -0.136822 0.595935 0.204783 0.000000 0.274135 -0.067256 1.353903 0.000000 -0.436204 -0.752068 0.098503 0.081245 0.073307 -1.483407 0.000475 -0.484313 1.973241 0.479499
0.735016 -0.339632 -0.136822 0.595935 0.204783 0.000000 0.274135 -0.067256 1.353903 0.000000 -0.436204 -0.752068 0.098503 0.081245 0.073307 -1.483407 0.000475 -0.484313 1.973241 0.479499
0.735016 -0.339632 -0.136822 0.595935 0.204783 0.000000 0.274135 -0.067256 1.353903 0.000000 -0.436204 -0.752068 0.098503 0.081245 0.073307 -1.483407 0.000475 -0.484313 1.973241 0.479499
0.735016 -0.339632 -0.136822 0.595935 0.204783 0.000000 0.274135 -0.067256 1.353903 0.000000 -0.436204 -0.752068 0.098503 0.081245 0.073307 -1.483407 0.000475 -0.484313 1.973241 0.479499
0.735016 -0.339632 -0.136822 0.595935 0.204783 0.000000 0.274135 -0.067256 1.353903 0.000000 -0.436204 -0.752068 0.098503 0.081245 0.073307 -1.483407 0.000475 -0.484313 1.973241 0.479499
0.735016 -0.339632 -0.136822 0.595935 0.204783 0.000000 0.274135 -0.067256 1.353903 0.000000 -0.436204 -0.752068 0.098503 0.081245 0.073307 -1.483407 0.000475 -0.484313 1.973241 0.479499
0.735016 -0.339632 -0.136822 0.595935 0.204783 0.000000 0.274135 -0.067256 1.353903 0.000000 -0.436204 -0.752068 0.098503 0.081245 0.073307 -1.483407 0.000475 -0.484313 1.973241 0.479499
0.735016 -0.339632 -0.136822 0.595935 0.204783 0.000000 0.274135 -0.067256 1.353903 0.000000 -0.436205 -0.752068 0.098503 0.081245 0.073307 -1.483407 0.000475 -0.484313 1.973241 0.479499
0.735016 -0.339632 -0.136822 0.595935 0.204783 0.000000 0.274135 -0.067256 1.353903 0.000000 -0.436205 -0.752068 0.098503 0.081245 0.073307 -1.483407 0.000475 -0.484313 1.973241 0.479499
0.735016 -0.339632 -0.136822 0.595935 0.204783 0.000000 0.274135 -0.067256 1.353903 0.000000 -0.436205 -0.752068 0.098503 0.081245 0.073307 -1.483407 0.000475 -0.484313 1.973241 0.479499
0.735016 -0.339632 -0.136822 0.595935 0.204783 0.000000 0.274135 -0.067256 1.353903 0.000000 -0.436205 -0.752068 0.098503 0.081245 0.073307 -1.483407 0.000475 -0.484313 1.973241 0.479499
0.735016 -0.339632 -0.136822 0.595935 0.204783 0.000000 0.274135 -0.067256 1.353903 0.000000 -0.436204 -0.752068 0.098503 0.081245 0.073307 -1.483407 0.000475 -0.484313 1.973241 0.479499
0.735016 -0.339632 -0.136822 0.595935 0.204783 0.000000 0.274135 -0.067256 1.353903 0.000000 -0.436204 -0.752068 0.098503 0.081245 0.073307 -1.483407 0.000475 -0.484313 1.973241 0.479499
0.735016 -0.339632 -0.136822 0.595935 0.204783 0.000000 0.274135 -0.067256 1.353903 0.000000 -0.436204 -0.752068 0.098503 0.081245 0.073307 -1.483407 0.000475 -0.484313 1.973241 0.479499
0.735016 -0.339632 -0.136822 0.595935 0.204783 0.000000 0.274135 -0.067256 1.353903 0.000000 -0.436204 -0.752068 0.098503 0.081245 0.073307 -1.483407 0.000475 -0.484313 1.973241 0.479499
0.735016 -0.339632 -0.136822 0.595935 0.204783 0.000000 0.274135 -0.067256 1.353903 0.000000 -0.436204 -0.752068 0.098503 0.081245 0.073307 -1.483407 0.000475 -0.484313 1.973241 0.479499
0.735016 -0.339632 -0.136822 0.595935 0.204783 0.000000 0.274135 -0.067256 1.353903 0.000000 -0.436204 -0.752068 0.098503 0.081245 0.073307 -1.483407 0.000475 -0.484313 1.973241 0.479499
0.735016 -0.339632 -0.136822 0.595935 0.204783 0.000000 0.274135 -0.067256 1.353903 0.000000 -0.436204 -0.752068 0.098503 0.081245 0.073307 -1.483407 0.000475 -0.484313 1.973241 0.479499
