0.507099 0.515459 -0.458194 1.506354 0.514065 -0.539364 -0.549610 -0.059334 0.143806 -0.075333 1.591283 -0.185815 0.148702 1.476757 -0.100590 0.263137 -0.588073 -0.119184 0.649682 0.157528
0.507099 0.515459 -0.458194 1.506354 0.514065 -0.539364 -0.549610 -0.059334 0.143806 -0.075333 1.591283 -0.185815 0.148702 1.476757 -0.100590 0.263137 -0.588073 -0.119184 0.649682 0.157528
0.507099 0.515459 -0.458194 1.506354 0.514065 -0.539364 -0.549610 -0.059334 0.143806 -0.075333 1.591283 -0.185815 0.148702 1.476757 -0.100590 0.263137 -0.588073 -0.119184 0.649682 0.157528
0.507099 0.515459 -0.458194 1.506354 0.514065 -0.539364 -0.549610 -0.059334 0.143806 -0.075333 1.591283 -0.185815 0.148702 1.476757 -0.100590 0.263137 -0.588073 -0.119184 0.649682 0.157528
0.507099 0.515459 -0.458194 1.506354 0.514065 -0.539364 -0.549610 -0.059334 0.143806 -0.075333 1.591283 -0.185815 0.148702 1.476757 -0.100590 0.263137 -0.588073 -0.119184 0.649682 0.157528
0.507099 0.515459 -0.458194 1.506354 0.514065 -0.539364 -0.549610 -0.059334 0.143806 -0.075333 1.591283 -0.185815 0.148702 1.476757 -0.100590 0.263137 -0.588073 -0.119184 0.649682 0.157528
0.507099 0.515459 -0.458194 1.506354 0.514065 -0.539364 -0.549610 -0.059334 0.143806 -0.075333 1.591283 -0.185815 0.148702 1.476757 -0.100590 0.263137 -0.588073 -0.119184 0.649682 0.157528
0.507099 0.515459 -0.458194 1.506354 0.514065 -0.539364 -0.549610 -0.059334 0.143806 -0.075333 1.591283 -0.185815 0.148702 1.476757 -0.100590 0.263137 -0.588073 -0.119184 0.649682 0.157528
0.507099 0.515459 -0.458194 1.506354 0.514065 -0.539364 -0.549610 -0.059334 0.143806 -0.075333 1.591283 -0.185815 0.148702 1.476757 -0.100590 0.263137 -0.588073 -0.119184 0.649682 0.157528
0.507099 0.515459 -0.458194 1.506354 0.514065 -0.539364 -0.549610 -0.059334 0.143806 -0.075333 1.591283 -0.185815 0.148702 1.476757 -0.100590 0.263137 -0.588073 -0.119184 0.649682 0.157528
0.507099 0.515459 -0.458194 1.506354 0.514065 -0.539364 -0.549610 -0.059334 0.143806 -0.075333 1.591283 -0.185815 0.148702 1.476757 -0.100590 0.263137 -0.588073 -0.119184 0.649682 0.157528
0.507099 0.515459 -0.458194 1.506354 0.514065 -0.539364 -0.549610 -0.059334 0.143806 -0.075333 1.591283 -0.185815 0.148702 1.476757 -0.100590 0.263137 -0.588073 -0.119184 0.649682 0.157528
0.507099 0.515459 -0.458194 1.506354 0.514065 -0.539364 -0.549610 -0.059334 0.143806 -0.075333 1.591283 -0.185815 0.148702 1.476757 -0.100590 0.263137 -0.588073 -0.119184 0.649682 0.157528
0.507099 0.515459 -0.458194 1.506354 0.514065 -0.539364 -0.549610 -0.059334 0.143806 -0.075333 1.591283 -0.185815 0.148702 1.476757 -0.100590 0.263137 -0.588073 -0.119184 0.649682 0.157528
0.507099 0.515459 -0.458194 1.506354 0.514065 -0.539364 -0.549610 -0.059334 0.143806 -0.075333 1.591283 -0.185815 0.148702 1.476757 -0.100590 0.263137 -0.588073 -0.119184 0.649682 0.157528
0.507099 0.515459 -0.458194 1.506354 0.514065 -0.539364 -0.549610 -0.059334 0.143806 -0.075333 1.591283 -0.185815 0.148702 1.476757 -0.100590 0.263137 -0.588073 -0.119184 0.649682 0.157528
0.507099 0.515459 -0.458194 1.506354 0.514065 -0.539364 -0.549610 -0.059334 0.143806 -0.075333 1.591283 -0.185815 0.148702 1.476757 -0.100590 0.263137 -0.588073 -0.119184 0.649682 0.157528
0.507099 0.515459 -0.458194 1.506354 0.514065 -0.539364 -0.549610 -0.059334 0.143806 -0.075333 1.591283 -0.185815 0.148702 1.476757 -0.100590 0.263137 -0.588073 -0.119184 0.649682 0.157528
0.507099 0.515459 -0.458194 1.506354 0.514065 -0.539364 -0.549610 -0.059334 0.143806 -0.075333 1.591283 -0.185815 0.148702 1.476757 -0.100590 0.263137 -0.588073 -0.119184 0.649682 0.157528
0.507099 0.515459 -0.458194 1.506354 0.514065 -0.539364 -0.549610 -0.059334 0.143806 -0.075333 1.591283 -0.185815 0.148702 1.476757 -0.100590 0.263137 -0.588073 -0.119184 0.649682 0.157528
0.507099 0.515459 -0.458194 1.506354 0.514065 -0.539364 -0.549610 -0.059334 0.143806 -0.075333 1.591283 -0.185815 0.148702 1.476757 -0.100590 0.263137 -0.588073 -0.119184 0.649682 0.157528
0.507099 0.515459 -0.458194 1.506354 0.514065 -0.539364 -0.549610 -0.059334 0.143806 -0.075333 1.591283 -0.185815 0.148702 1.476757 -0.100590 0.263137 -0.588073 -0.119184 0.649682 0.157528
0.507099 0.515459 -0.458194 1.506354 0.514065 -0.539364 -0.549610 -0.059334 0.143806 -0.075333 1.591283 -0.185815 0.148702 1.476757 -0.100590 0.263137 -0.588073 -0.119184 0.649682 0.157528
0.507099 0.515459 -0.458194 1.506354 0.514065 -0.539364 -0.549610 -0.059334 0.143806 -0.075333 1.591283 -0.185815 0.148702 1.476757 -0.100590 0.263137 -0.588073 -0.119184 0.649682 0.157528
0.507099 0.515459 -0.458194 1.506354 0.514065 -0.539364 -0.549610 -0.059334 0.143806 -0.075333 1.591283 -0.185815 0.148702 1.476757 -0.100590 0.263137 -0.588073 -0.119184 0.649682 0.157528
0.507099 0.515459 -0.458194 1.506354 0.514065 -0.539364 -0.549610 -0.059334 0.143806 -0.075333 1.591283 -0.185815 0.148702 1.476757 -0.100590 0.263137 -0.588073 -0.119184 0.649682 0.157528
0.507099 0.515459 -0.458194 1.506354 0.514065 -0.539364 -0.549610 -0.059334 0.143806 -0.075333 1.591283 -0.185815 0.148702 1.476757 -0.100590 0.263137 -0.588073 -0.119184 0.649682 0.157528
0.507099 0.515459 -0.458194 1.506354 0.514065 -0.539364 -0.549610 -0.059334 0.143806 -0.075333 1.591283 -0.185815 0.148702 1.476757 -0.100590 0.263137 -0.588073 -0.119184 0.649682 0.157528
0.507099 0.515459 -0.458194 1.506354 0.514065 -0.539364 -0.549610 -0.059334 0.143806 -0.075333 1.591283 -0.185815 0.148702 1.476757 -0.100590 0.263137 -0.588073 -0.119184 0.649682 0.157528
0.507099 0.515459 -0.458194 1.506354 0.514065 -0.539364 -0.549610 -0.059334 0.143806 -0.075333 1.591283 -0.185815 0.148702 1.476757 -0.100590 0.263137 -0.588073 -0.119184 0.649682 0.157528
0.507099 0.515459 -0.458194 1.506354 0.514065 -0.539364 -0.549610 -0.059334 0.143806 -0.075333 1.591283 -0.185815 0.148702 1.476757 -0.100590 0.263137 -0.588073 -0.119184 0.649682 0.157528
0.507099 0.515459 -0.458194 1.506354 0.514065 -0.539364 -0.549610 -0.059334 0.143806 -0.075333 1.591283 -0.185815 0.148702 1.476757 -0.100590 0.263137 -0.588073 -0.119184 0.649682 0.157528
0.507099 0.515459 -0.458194 1.506354 0.514065 -0.539364 -0.549610 -0.059334 0.143806 -0.075333 1.591283 -0.185815 0.148702 1.476757 -0.100590 0.263137 -0.588073 -0.119184 0.649682 0.157528
0.507099 0.515459 -0.458194 1.506354 0.514065 -0.539364 -0.549610 -0.059334 0.143806 -0.075333 1.591283 -0.185815 0.148702 1.476757 -0.100590 0.263137 -0.588073 -0.119184 0.649682 0.157528
0.507099 0.515459 -0.458194 1.506354 0.514065 -0.539364 -0.549610 -0.059334 0.143806 -0.075333 1.591283 -0.185815 0.148702 1.476757 -0.100590 0.263137 -0.588073 -0.119184 0.649682 0.157528
0.507099 0.515459 -0.458194 1.506354 0.514065 -0.539364 -0.549610 -0.059334 0.143806 -0.075333 1.591283 -0.185815 0.148702 1.476757 -0.100590 0.263137 -0.588073 -0.119184 0.649682 0.157528
0.507099 0.515459 -0.458194 1.506354 0.514065 -0.539364 -0.549610 -0.059334 0.143806 -0.075333 1.591283 -0.185815 0.148702 1.476757 -0.100590 0.263137 -0.588073 -0.119184 0.649682 0.157528
0.507099 0.515459 -0.458194 1.506354 0.514065 -0.539364 -0.549610 -0.059334 0.143806 -0.075333 1.591283 -0.185815 0.148702 1.476757 -0.100590 0.263137 -0.588073 -0.119184 0.649682 0.157528
0.507099 0.515459 -0.458194 1.506354 0.514065 -0.539364 -0.549610 -0.059334 0.143806 -0.075333 1.591283 -0.185815 0.148702 1.476757 -0.100590 0.263137 -0.588073 -0.119184 0.649682 0.157528
0.507099 0.515459 -0.458194 1.506354 0.514065 -0.539364 -0.549610 -0.059334 0.143806 -0.075333 1.591283 -0.185815 0.148702 1.476757 -0.100590 0.263137 -0.588073 -0.119184 0.649682 0.157528
0.507099 0.515459 -0.458194 1.506354 0.514065 -0.539364 -0.549610 -0.059334 0.143806 -0.075333 1.591283 -0.185815 0.148702 1.476757 -0.100590 0.263137 -0.588073 -0.119184 0.649682 0.157528
0.507099 0.515459 -0.458194 1.506354 0.514065 -0.539364 -0.549610 -0.059334 0.143806 -0.075333 1.591283 -0.185815 0.148702 1.476757 -0.100590 0.263137 -0.588073 -0.119184 0.649682 0.157528
0.507099 0.515459 -0.458194 1.506354 0.514065 -0.539364 -0.549610 -0.059334 0.143806 -0.075333 1.591283 -0.185815 0.148702 1.476757 -0.100590 0.263137 -0.588073 -0.119184 0.649682 0.157528
0.507099 0.515459 -0.458194 1.506354 0.514065 -0.539364 -0.549610 -0.059334 0.143806 -0.075333 1.591283 -0.185815 0.148702 1.476757 -0.100590 0.263137 -0.588073 -0.119184 0.649682 0.157528
