1.591792 -0.030247 0.002595 0.758776 0.198596 -0.157240 -0.562741 -0.183156 0.090019 -0.083388 0.520254 -0.281116 0.051762 1.341796 0.025215 -0.390311 -0.499032 0.104801 0.371335 0.052678
1.668682 -0.064593 0.022272 0.699726 0.179952 -0.148414 -0.562327 -0.182310 0.090270 -0.083411 0.477166 -0.280192 0.036214 1.332565 0.032877 -0.430370 -0.491577 0.117441 0.354030 0.046176
1.745573 -0.098939 0.041950 0.640676 0.161308 -0.139589 -0.561913 -0.181465 0.090521 -0.083435 0.434079 -0.279268 0.020666 1.323335 0.040539 -0.470430 -0.484122 0.130080 0.336726 0.039674
1.822464 -0.133285 0.061627 0.581626 0.142665 -0.130763 -0.561499 -0.180619 0.090773 -0.083458 0.390992 -0.278344 0.005117 1.314104 0.048201 -0.510490 -0.476668 0.142720 0.319421 0.033172
1.899354 -0.167632 0.081305 0.522576 0.124021 -0.121938 -0.561086 -0.179774 0.091024 -0.083482 0.347905 -0.277421 -0.010431 1.304873 0.055862 -0.550550 -0.469213 0.155360 0.302117 0.026669
1.976245 -0.201978 0.100982 0.463526 0.105377 -0.113112 -0.560672 -0.178929 0.091275 -0.083505 0.304818 -0.276497 -0.025979 1.295643 0.063524 -0.590609 -0.461758 0.168000 0.284812 0.020167
2.053136 -0.236324 0.120660 0.404476 0.086734 -0.104287 -0.560258 -0.178083 0.091526 -0.083529 0.261731 -0.275573 -0.041527 1.286412 0.071186 -0.630669 -0.454303 0.180640 0.267508 0.013665
2.130026 -0.270670 0.140337 0.345426 0.068090 -0.095461 -0.559844 -0.177238 0.091777 -0.083553 0.218644 -0.274649 -0.057075 1.277182 0.078847 -0.670729 -0.446849 0.193280 0.250203 0.007163
2.206917 -0.305016 0.160015 0.286376 0.049446 -0.086636 -0.559431 -0.176393 0.092028 -0.083576 0.175557 -0.273725 -0.072624 1.267951 0.086509 -0.710789 -0.439394 0.205920 0.232899 0.000661
2.283808 -0.339362 0.179693 0.227326 0.030803 -0.077811 -0.559017 -0.175547 0.092279 -0.083600 0.132470 -0.272802 -0.088172 1.258720 0.094171 -0.750848 -0.431939 0.218560 0.215594 -0.005841
2.360699 -0.373708 0.199370 0.168276 0.012159 -0.068985 -0.558603 -0.174702 0.092530 -0.083623 0.089383 -0.271878 -0.103720 1.249490 0.101833 -0.790908 -0.424484 0.231199 0.198290 -0.012343
1.591792 -0.030247 0.002595 0.758776 0.198596 -0.157240 -0.562741 -0.183156 0.090019 -0.083388 0.520254 -0.281116 0.051762 1.341796 0.025215 -0.390311 -0.499032 0.104801 0.371335 0.052678
1.668682 -0.064593 0.022272 0.699726 0.179952 -0.148414 -0.562327 -0.182310 0.090270 -0.083411 0.477166 -0.280192 0.036214 1.332565 0.032877 -0.430370 -0.491577 0.117441 0.354030 0.046176
1.745573 -0.098939 0.041950 0.640676 0.161308 -0.139589 -0.561913 -0.181465 0.090521 -0.083435 0.434079 -0.279268 0.020666 1.323335 0.040539 -0.470430 -0.484122 0.130080 0.336726 0.039674
1.822464 -0.133285 0.061627 0.581626 0.142665 -0.130763 -0.561499 -0.180619 0.090773 -0.083458 0.390992 -0.278344 0.005117 1.314104 0.048201 -0.510490 -0.476668 0.142720 0.319421 0.033172
1.899354 -0.167632 0.081305 0.522576 0.124021 -0.121938 -0.561086 -0.179774 0.091024 -0.083482 0.347905 -0.277421 -0.010431 1.304873 0.055862 -0.550550 -0.469213 0.155360 0.302117 0.026669
1.976245 -0.201978 0.100982 0.463526 0.105377 -0.113112 -0.560672 -0.178929 0.091275 -0.083505 0.304818 -0.276497 -0.025979 1.295643 0.063524 -0.590609 -0.461758 0.168000 0.284812 0.020167
2.053136 -0.236324 0.120660 0.404476 0.086734 -0.104287 -0.560258 -0.178083 0.091526 -0.083529 0.261731 -0.275573 -0.041527 1.286412 0.071186 -0.630669 -0.454303 0.180640 0.267508 0.013665
2.130026 -0.270670 0.140337 0.345426 0.068090 -0.095461 -0.559844 -0.177238 0.091777 -0.083553 0.218644 -0.274649 -0.057075 1.277182 0.078847 -0.670729 -0.446849 0.193280 0.250203 0.007163
2.206917 -0.305016 0.160015 0.286376 0.049446 -0.086636 -0.559431 -0.176393 0.092028 -0.083576 0.175557 -0.273725 -0.072624 1.267951 0.086509 -0.710789 -0.439394 0.205920 0.232899 0.000661
2.283808 -0.339362 0.179693 0.227326 0.030803 -0.077811 -0.559017 -0.175547 0.092279 -0.083600 0.132470 -0.272802 -0.088172 1.258720 0.094171 -0.750848 -0.431939 0.218560 0.215594 -0.005841
2.360699 -0.373708 0.199370 0.168276 0.012159 -0.068985 -0.558603 -0.174702 0.092530 -0.083623 0.089383 -0.271878 -0.103720 1.249490 0.101833 -0.790908 -0.424484 0.231199 0.198290 -0.012343
1.591792 -0.030247 0.002595 0.758776 0.198596 -0.157240 -0.562741 -0.183156 0.090019 -0.083388 0.520254 -0.281116 0.051762 1.341796 0.025215 -0.390311 -0.499032 0.104801 0.371335 0.052678
1.668682 -0.064593 0.022272 0.699726 0.179952 -0.148414 -0.562327 -0.182310 0.090270 -0.083411 0.477166 -0.280192 0.036214 1.332565 0.032877 -0.430370 -0.491577 0.117441 0.354030 0.046176
1.745573 -0.098939 0.041950 0.640676 0.161308 -0.139589 -0.561913 -0.181465 0.090521 -0.083435 0.434079 -0.279268 0.020666 1.323335 0.040539 -0.470430 -0.484122 0.130080 0.336726 0.039674
1.822464 -0.133285 0.061627 0.581626 0.142665 -0.130763 -0.561499 -0.180619 0.090773 -0.083458 0.390992 -0.278344 0.005117 1.314104 0.048201 -0.510490 -0.476668 0.142720 0.319421 0.033172
1.899354 -0.167632 0.081305 0.522576 0.124021 -0.121938 -0.561086 -0.179774 0.091024 -0.083482 0.347905 -0.277421 -0.010431 1.304873 0.055862 -0.550550 -0.469213 0.155360 0.302117 0.026669
1.976245 -0.201978 0.100982 0.463526 0.105377 -0.113112 -0.560672 -0.178929 0.091275 -0.083505 0.304818 -0.276497 -0.025979 1.295643 0.063524 -0.590609 -0.461758 0.168000 0.284812 0.020167
2.053136 -0.236324 0.120660 0.404476 0.086734 -0.104287 -0.560258 -0.178083 0.091526 -0.083529 0.261731 -0.275573 -0.041527 1.286412 0.071186 -0.630669 -0.454303 0.180640 0.267508 0.013665
2.130026 -0.270670 0.140337 0.345426 0.068090 -0.095461 -0.559844 -0.177238 0.091777 -0.083553 0.218644 -0.274649 -0.057075 1.277182 0.078847 -0.670729 -0.446849 0.193280 0.250203 0.007163
2.206917 -0.305016 0.160015 0.286376 0.049446 -0.086636 -0.559431 -0.176393 0.092028 -0.083576 0.175557 -0.273725 -0.072624 1.267951 0.086509 -0.710789 -0.439394 0.205920 0.232899 0.000661
2.283808 -0.339362 0.179693 0.227326 0.030803 -0.077811 -0.559017 -0.175547 0.092279 -0.083600 0.132470 -0.272802 -0.088172 1.258720 0.094171 -0.750848 -0.431939 0.218560 0.215594 -0.005841
2.360699 -0.373708 0.199370 0.168276 0.012159 -0.068985 -0.558603 -0.174702 0.092530 -0.083623 0.089383 -0.271878 -0.103720 1.249490 0.101833 -0.790908 -0.424484 0.231199 0.198290 -0.012343
