0.000000 0.274140 -0.067265 1.353916 0.000000 0.186645 0.043098 -0.068412 0.178811 -0.022580 -0.062226 -0.206864 0.107619 0.039094 0.033224 -0.246345 -0.172190 0.064446 0.063459 -0.005596
0.155319 0.224564 -0.038685 1.289500 -0.000341 0.210616 0.048632 -0.077197 0.201775 -0.025480 -0.070217 -0.233429 0.121440 0.044114 0.037492 -0.277983 -0.194302 0.072723 0.071609 -0.006315
0.310638 0.174988 -0.010105 1.225083 -0.000682 0.234588 0.054167 -0.085982 0.224740 -0.028380 -0.078208 -0.259993 0.135262 0.049135 0.041759 -0.309620 -0.216413 0.081001 0.079759 -0.007034
0.465957 0.125412 0.018474 1.160666 -0.001023 0.258559 0.059701 -0.094768 0.247704 -0.031280 -0.086199 -0.286558 0.149083 0.054156 0.046026 -0.341258 -0.238525 0.089278 0.087908 -0.007753
0.621277 0.075836 0.047054 1.096249 -0.001364 0.282531 0.065236 -0.103553 0.270668 -0.034180 -0.094190 -0.313122 0.162905 0.059177 0.050293 -0.372896 -0.260637 0.097555 0.096058 -0.008472
0.776596 0.026260 0.075633 1.031832 -0.001705 0.306502 0.070770 -0.112338 0.293632 -0.037080 -0.102181 -0.339687 0.176726 0.064198 0.054561 -0.404534 -0.282748 0.105832 0.104208 -0.009191
0.931915 -0.023316 0.104213 0.967415 -0.002046 0.330474 0.076305 -0.121124 0.316597 -0.039980 -0.110172 -0.366251 0.190548 0.069219 0.058828 -0.436172 -0.304860 0.114109 0.112358 -0.009910
1.087234 -0.072893 0.132793 0.902998 -0.002387 0.354445 0.081839 -0.129909 0.339561 -0.042880 -0.118163 -0.392815 0.204370 0.074239 0.063095 -0.467810 -0.326971 0.122386 0.120508 -0.010629
1.242553 -0.122469 0.161372 0.838581 -0.002728 0.378417 0.087374 -0.138694 0.362525 -0.045780 -0.126154 -0.419380 0.218191 0.079260 0.067362 -0.499448 -0.349083 0.130664 0.128658 -0.011348
1.397872 -0.172045 0.189952 0.774164 -0.003069 0.402388 0.092908 -0.147480 0.385490 -0.048680 -0.134144 -0.445944 0.232013 0.084281 0.071630 -0.531086 -0.371195 0.138941 0.136808 -0.012067
1.553191 -0.221621 0.218532 0.709748 -0.003410 0.426360 0.098443 -0.156265 0.408454 -0.051580 -0.142135 -0.472509 0.245834 0.089302 0.075897 -0.562724 -0.393306 0.147218 0.144958 -0.012786
0.000000 0.274140 -0.067265 1.353916 0.000000 0.186645 0.043098 -0.068412 0.178811 -0.022580 -0.062226 -0.206864 0.107619 0.039094 0.033224 -0.246345 -0.172190 0.064446 0.063459 -0.005596
0.155319 0.224564 -0.038685 1.289500 -0.000341 0.210616 0.048632 -0.077197 0.201775 -0.025480 -0.070217 -0.233429 0.121440 0.044114 0.037492 -0.277983 -0.194302 0.072723 0.071609 -0.006315
0.310638 0.174988 -0.010105 1.225083 -0.000682 0.234588 0.054167 -0.085982 0.224740 -0.028380 -0.078208 -0.259993 0.135262 0.049135 0.041759 -0.309620 -0.216413 0.081001 0.079759 -0.007034
0.465957 0.125412 0.018474 1.160666 -0.001023 0.258559 0.059701 -0.094768 0.247704 -0.031280 -0.086199 -0.286558 0.149083 0.054156 0.046026 -0.341258 -0.238525 0.089278 0.087908 -0.007753
0.621277 0.075836 0.047054 1.096249 -0.001364 0.282531 0.065236 -0.103553 0.270668 -0.034180 -0.094190 -0.313122 0.162905 0.059177 0.050293 -0.372896 -0.260637 0.097555 0.096058 -0.008472
0.776596 0.026260 0.075633 1.031832 -0.001705 0.306502 0.070770 -0.112338 0.293632 -0.037080 -0.102181 -0.339687 0.176726 0.064198 0.054561 -0.404534 -0.282748 0.105832 0.104208 -0.009191
0.931915 -0.023316 0.104213 0.967415 -0.002046 0.330474 0.076305 -0.121124 0.316597 -0.039980 -0.110172 -0.366251 0.190548 0.069219 0.058828 -0.436172 -0.304860 0.114109 0.112358 -0.009910
1.087234 -0.072893 0.132793 0.902998 -0.002387 0.354445 0.081839 -0.129909 0.339561 -0.042880 -0.118163 -0.392815 0.204370 0.074239 0.063095 -0.467810 -0.326971 0.122386 0.120508 -0.010629
1.242553 -0.122469 0.161372 0.838581 -0.002728 0.378417 0.087374 -0.138694 0.362525 -0.045780 -0.126154 -0.419380 0.218191 0.079260 0.067362 -0.499448 -0.349083 0.130664 0.128658 -0.011348
1.397872 -0.172045 0.189952 0.774164 -0.003069 0.402388 0.092908 -0.147480 0.385490 -0.048680 -0.134144 -0.445944 0.232013 0.084281 0.071630 -0.531086 -0.371195 0.138941 0.136808 -0.012067
1.553191 -0.221621 0.218532 0.709748 -0.003410 0.426360 0.098443 -0.156265 0.408454 -0.051580 -0.142135 -0.472509 0.245834 0.089302 0.075897 -0.562724 -0.393306 0.147218 0.144958 -0.012786
0.000000 0.274140 -0.067265 1.353916 0.000000 0.186645 0.043098 -0.068412 0.178811 -0.022580 -0.062226 -0.206864 0.107619 0.039094 0.033224 -0.246345 -0.172190 0.064446 0.063459 -0.005596
0.155319 0.224564 -0.038685 1.289500 -0.000341 0.210616 0.048632 -0.077197 0.201775 -0.025480 -0.070217 -0.233429 0.121440 0.044114 0.037492 -0.277983 -0.194302 0.072723 0.071609 -0.006315
0.310638 0.174988 -0.010105 1.225083 -0.000682 0.234588 0.054167 -0.085982 0.224740 -0.028380 -0.078208 -0.259993 0.135262 0.049135 0.041759 -0.309620 -0.216413 0.081001 0.079759 -0.007034
0.465957 0.125412 0.018474 1.160666 -0.001023 0.258559 0.059701 -0.094768 0.247704 -0.031280 -0.086199 -0.286558 0.149083 0.054156 0.046026 -0.341258 -0.238525 0.089278 0.087908 -0.007753
0.621277 0.075836 0.047054 1.096249 -0.001364 0.282531 0.065236 -0.103553 0.270668 -0.034180 -0.094190 -0.313122 0.162905 0.059177 0.050293 -0.372896 -0.260637 0.097555 0.096058 -0.008472
0.776596 0.026260 0.075633 1.031832 -0.001705 0.306502 0.070770 -0.112338 0.293632 -0.037080 -0.102181 -0.339687 0.176726 0.064198 0.054561 -0.404534 -0.282748 0.105832 0.104208 -0.009191
0.931915 -0.023316 0.104213 0.967415 -0.002046 0.330474 0.076305 -0.121124 0.316597 -0.039980 -0.110172 -0.366251 0.190548 0.069219 0.058828 -0.436172 -0.304860 0.114109 0.112358 -0.009910
1.087234 -0.072893 0.132793 0.902998 -0.002387 0.354445 0.081839 -0.129909 0.339561 -0.042880 -0.118163 -0.392815 0.204370 0.074239 0.063095 -0.467810 -0.326971 0.122386 0.120508 -0.010629
1.242553 -0.122469 0.161372 0.838581 -0.002728 0.378417 0.087374 -0.138694 0.362525 -0.045780 -0.126154 -0.419380 0.218191 0.079260 0.067362 -0.499448 -0.349083 0.130664 0.128658 -0.011348
1.397872 -0.172045 0.189952 0.774164 -0.003069 0.402388 0.092908 -0.147480 0.385490 -0.048680 -0.134144 -0.445944 0.232013 0.084281 0.071630 -0.531086 -0.371195 0.138941 0.136808 -0.012067
1.553191 -0.221621 0.218532 0.709748 -0.003410 0.426360 0.098443 -0.156265 0.408454 -0.051580 -0.142135 -0.472509 0.245834 0.089302 0.075897 -0.562724 -0.393306 0.147218 0.144958 -0.012786
0.000000 0.274140 -0.067265 1.353916 0.000000 0.186645 0.043098 -0.068412 0.178811 -0.022580 -0.062226 -0.206864 0.107619 0.039094 0.033224 -0.246345 -0.172190 0.064446 0.063459 -0.005596
0.155319 0.224564 -0.038685 1.289500 -0.000341 0.210616 0.048632 -0.077197 0.201775 -0.025480 -0.070217 -0.233429 0.121440 0.044114 0.037492 -0.277983 -0.194302 0.072723 0.071609 -0.006315
0.310638 0.174988 -0.010105 1.225083 -0.000682 0.234588 0.054167 -0.085982 0.224740 -0.028380 -0.078208 -0.259993 0.135262 0.049135 0.041759 -0.309620 -0.216413 0.081001 0.079759 -0.007034
0.465957 0.125412 0.018474 1.160666 -0.001023 0.258559 0.059701 -0.094768 0.247704 -0.031280 -0.086199 -0.286558 0.149083 0.054156 0.046026 -0.341258 -0.238525 0.089278 0.087908 -0.007753
0.621277 0.075836 0.047054 1.096249 -0.001364 0.282531 0.065236 -0.103553 0.270668 -0.034180 -0.094190 -0.313122 0.162905 0.059177 0.050293 -0.372896 -0.260637 0.097555 0.096058 -0.008472
0.776596 0.026260 0.075633 1.031832 -0.001705 0.306502 0.070770 -0.112338 0.293632 -0.037080 -0.102181 -0.339687 0.176726 0.064198 0.054561 -0.404534 -0.282748 0.105832 0.104208 -0.009191
0.931915 -0.023316 0.104213 0.967415 -0.002046 0.330474 0.076305 -0.121124 0.316597 -0.039980 -0.110172 -0.366251 0.190548 0.069219 0.058828 -0.436172 -0.304860 0.114109 0.112358 -0.009910
1.087234 -0.072893 0.132793 0.902998 -0.002387 0.354445 0.081839 -0.129909 0.339561 -0.042880 -0.118163 -0.392815 0.204370 0.074239 0.063095 -0.467810 -0.326971 0.122386 0.120508 -0.010629
1.242553 -0.122469 0.161372 0.838581 -0.002728 0.378417 0.087374 -0.138694 0.362525 -0.045780 -0.126154 -0.419380 0.218191 0.079260 0.067362 -0.499448 -0.349083 0.130664 0.128658 -0.011348
1.397872 -0.172045 0.189952 0.774164 -0.003069 0.402388 0.092908 -0.147480 0.385490 -0.048680 -0.134144 -0.445944 0.232013 0.084281 0.071630 -0.531086 -0.371195 0.138941 0.136808 -0.012067
1.553191 -0.221621 0.218532 0.709748 -0.003410 0.426360 0.098443 -0.156265 0.408454 -0.051580 -0.142135 -0.472509 0.245834 0.089302 0.075897 -0.562724 -0.393306 0.147218 0.144958 -0.012786
