0.000000 0.274140 -0.067265 1.353916 0.000000 0.186645 0.043098 -0.068412 0.178811 -0.022580 -0.062226 -0.206864 0.107619 0.039094 0.033224 -0.246345 -0.172190 0.064446 0.063459 -0.005596
0.000000 0.274140 -0.067265 1.353916 0.000000 0.186645 0.043098 -0.068412 0.178811 -0.022580 -0.062226 -0.206864 0.107619 0.039094 0.033224 -0.246345 -0.172190 0.064446 0.063459 -0.005596
0.000000 0.274140 -0.067265 1.353916 0.000000 0.186645 0.043098 -0.068412 0.178811 -0.022580 -0.062226 -0.206864 0.107619 0.039094 0.033224 -0.246345 -0.172190 0.064446 0.063459 -0.005596
0.000000 0.274140 -0.067265 1.353916 0.000000 0.186645 0.043098 -0.068412 0.178811 -0.022580 -0.062226 -0.206864 0.107619 0.039094 0.033224 -0.246345 -0.172190 0.064446 0.063459 -0.005596
0.000000 0.274140 -0.067265 1.353916 0.000000 0.186645 0.043098 -0.068412 0.178811 -0.022580 -0.062226 -0.206864 0.107619 0.039094 0.033224 -0.246345 -0.172190 0.064446 0.063459 -0.005596
0.000000 0.274140 -0.067265 1.353916 0.000000 0.186645 0.043098 -0.068412 0.178811 -0.022580 -0.062226 -0.206864 0.107619 0.039094 0.033224 -0.246345 -0.172190 0.064446 0.063459 -0.005596
0.000000 0.274140 -0.067265 1.353916 0.000000 0.186645 0.043098 -0.068412 0.178811 -0.022580 -0.062226 -0.206864 0.107619 0.039094 0.033224 -0.246345 -0.172190 0.064446 0.063459 -0.005596
0.000000 0.274140 -0.067265 1.353916 0.000000 0.186645 0.043098 -0.068412 0.178811 -0.022580 -0.062226 -0.206864 0.107619 0.039094 0.033224 -0.246345 -0.172190 0.064446 0.063459 -0.005596
0.000000 0.274140 -0.067265 1.353916 0.000000 0.186645 0.043098 -0.068412 0.178811 -0.022580 -0.062226 -0.206864 0.107619 0.039094 0.033224 -0.246345 -0.172190 0.064446 0.063459 -0.005596
0.000000 0.274140 -0.067265 1.353916 0.000000 0.186645 0.043098 -0.068412 0.178811 -0.022580 -0.062226 -0.206864 0.107619 0.039094 0.033224 -0.246345 -0.172190 0.064446 0.063459 -0.005596
0.000000 0.274140 -0.067265 1.353916 0.000000 0.186645 0.043098 -0.068412 0.178811 -0.022580 -0.062226 -0.206864 0.107619 0.039094 0.033224 -0.246345 -0.172190 0.064446 0.063459 -0.005596
0.000000 0.274140 -0.067265 1.353916 0.000000 0.186645 0.043098 -0.068412 0.178811 -0.022580 -0.062226 -0.206864 0.107619 0.039094 0.033224 -0.246345 -0.172190 0.064446 0.063459 -0.005596
0.000000 0.274140 -0.067265 1.353916 0.000000 0.186645 0.043098 -0.068412 0.178811 -0.022580 -0.062226 -0.206864 0.107619 0.039094 0.033224 -0.246345 -0.172190 0.064446 0.063459 -0.005596
0.000000 0.274140 -0.067265 1.353916 0.000000 0.186645 0.043098 -0.068412 0.178811 -0.022580 -0.062226 -0.206864 0.107619 0.039094 0.033224 -0.246345 -0.172190 0.064446 0.063459 -0.005596
0.000000 0.274140 -0.067265 1.353916 0.000000 0.186645 0.043098 -0.068412 0.178811 -0.022580 -0.062226 -0.206864 0.107619 0.039094 0.033224 -0.246345 -0.172190 0.064446 0.063459 -0.005596
0.000000 0.274140 -0.067265 1.353916 0.000000 0.186645 0.043098 -0.068412 0.178811 -0.022580 -0.062226 -0.206864 0.107619 0.039094 0.033224 -0.246345 -0.172190 0.064446 0.063459 -0.005596
0.000000 0.274140 -0.067265 1.353916 0.000000 0.186645 0.043098 -0.068412 0.178811 -0.022580 -0.062226 -0.206864 0.107619 0.039094 0.033224 -0.246345 -0.172190 0.064446 0.063459 -0.005596
0.000000 0.274140 -0.067265 1.353916 0.000000 0.186645 0.043098 -0.068412 0.178811 -0.022580 -0.062226 -0.206864 0.107619 0.039094 0.033224 -0.246345 -0.172190 0.064446 0.063459 -0.005596
0.000000 0.274140 -0.067265 1.353916 0.000000 0.186645 0.043098 -0.068412 0.178811 -0.022580 -0.062226 -0.206864 0.107619 0.039094 0.033224 -0.246345 -0.172190 0.064446 0.063459 -0.005596
0.000000 0.274140 -0.067265 1.353916 0.000000 0.186645 0.043098 -0.068412 0.178811 -0.022580 -0.062226 -0.206864 0.107619 0.039094 0.033224 -0.246345 -0.172190 0.064446 0.063459 -0.005596
0.000000 0.274140 -0.067265 1.353916 0.000000 0.186645 0.043098 -0.068412 0.178811 -0.022580 -0.062226 -0.206864 0.107619 0.039094 0.033224 -0.246345 -0.172190 0.064446 0.063459 -0.005596
0.000000 0.274140 -0.067265 1.353916 0.000000 0.186645 0.043098 -0.068412 0.178811 -0.022580 -0.062226 -0.206864 0.107619 0.039094 0.033224 -0.246345 -0.172190 0.064446 0.063459 -0.005596
0.000000 0.274140 -0.067265 1.353916 0.000000 0.186645 0.043098 -0.068412 0.178811 -0.022580 -0.062226 -0.206864 0.107619 0.039094 0.033224 -0.246345 -0.172190 0.064446 0.063459 -0.005596
0.000000 0.274140 -0.067265 1.353916 0.000000 0.186645 0.043098 -0.068412 0.178811 -0.022580 -0.062226 -0.206864 0.107619 0.039094 0.033224 -0.246345 -0.172190 0.064446 0.063459 -0.005596
0.000000 0.274140 -0.067265 1.353916 0.000000 0.186645 0.043098 -0.068412 0.178811 -0.022580 -0.062226 -0.206864 0.107619 0.039094 0.033224 -0.246345 -0.172190 0.064446 0.063459 -0.005596
0.000000 0.274140 -0.067265 1.353916 0.000000 0.186645 0.043098 -0.068412 0.178811 -0.022580 -0.062226 -0.206864 0.107619 0.039094 0.033224 -0.246345 -0.172190 0.064446 0.063459 -0.005596
0.000000 0.274140 -0.067265 1.353916 0.000000 0.186645 0.043098 -0.068412 0.178811 -0.022580 -0.062226 -0.206864 0.107619 0.039094 0.033224 -0.246345 -0.172190 0.064446 0.063459 -0.005596
0.000000 0.274140 -0.067265 1.353916 0.000000 0.186645 0.043098 -0.068412 0.178811 -0.022580 -0.062226 -0.206864 0.107619 0.039094 0.033224 -0.246345 -0.172190 0.064446 0.063459 -0.005596
0.000000 0.274140 -0.067265 1.353916 0.000000 0.186645 0.043098 -0.068412 0.178811 -0.022580 -0.062226 -0.206864 0.107619 0.039094 0.033224 -0.246345 -0.172190 0.064446 0.063459 -0.005596
0.000000 0.274140 -0.067265 1.353916 0.000000 0.186645 0.043098 -0.068412 0.178811 -0.022580 -0.062226 -0.206864 0.107619 0.039094 0.033224 -0.246345 -0.172190 0.064446 0.063459 -0.005596
0.000000 0.274140 -0.067265 1.353916 0.000000 0.186645 0.043098 -0.068412 0.178811 -0.022580 -0.062226 -0.206864 0.107619 0.039094 0.033224 -0.246345 -0.172190 0.064446 0.063459 -0.005596
0.000000 0.274140 -0.067265 1.353916 0.000000 0.186645 0.043098 -0.068412 0.178811 -0.022580 -0.062226 -0.206864 0.107619 0.039094 0.033224 -0.246345 -0.172190 0.064446 0.063459 -0.005596
0.000000 0.274140 -0.067265 1.353916 0.000000 0.186645 0.043098 -0.068412 0.178811 -0.022580 -0.062226 -0.206864 0.107619 0.039094 0.033224 -0.246345 -0.172190 0.064446 0.063459 -0.005596
