1.206420 -0.277035 0.192912 0.173533 0.028553 0.074580 -0.551869 -0.161004 0.096675 -0.084040 -0.548273 -0.790738 0.138039 1.209598 0.176597 -2.009632 -0.513346 0.003854 0.924194 0.017649
1.206330 -0.277004 0.192913 0.173533 0.028554 0.074622 -0.551880 -0.161002 0.096676 -0.084040 -0.548295 -0.790761 0.138052 1.209602 0.176599 -2.106313 -0.430502 -0.009565 0.971374 0.032305
1.206243 -0.276973 0.192913 0.173533 0.028555 0.074662 -0.551891 -0.160999 0.096677 -0.084040 -0.548316 -0.790783 0.138065 1.209606 0.176600 -2.202994 -0.347657 -0.022984 1.018554 0.046961
1.206158 -0.276944 0.192914 0.173533 0.028555 0.074700 -0.551902 -0.160997 0.096677 -0.084040 -0.548336 -0.790804 0.138077 1.209611 0.176602 -2.299676 -0.264813 -0.036403 1.065735 0.061616
1.206077 -0.276916 0.192914 0.173533 0.028556 0.074738 -0.551912 -0.160994 0.096678 -0.084040 -0.548356 -0.790824 0.138089 1.209615 0.176604 -2.396357 -0.181968 -0.049822 1.112915 0.076272
1.205998 -0.276889 0.192915 0.173533 0.028557 0.074774 -0.551922 -0.160992 0.096679 -0.084040 -0.548375 -0.790844 0.138101 1.209618 0.176605 -2.493038 -0.099124 -0.063241 1.160095 0.090928
1.205922 -0.276862 0.192916 0.173533 0.028558 0.074808 -0.551932 -0.160990 0.096680 -0.084040 -0.548393 -0.790863 0.138112 1.209622 0.176607 -2.589719 -0.016279 -0.076660 1.207276 0.105583
1.205849 -0.276837 0.192916 0.173533 0.028558 0.074842 -0.551941 -0.160988 0.096680 -0.084040 -0.548411 -0.790882 0.138123 1.209626 0.176609 -2.686400 0.066565 -0.090079 1.254456 0.120239
1.205779 -0.276813 0.192917 0.173533 0.028559 0.074874 -0.551950 -0.160986 0.096681 -0.084039 -0.548428 -0.790899 0.138133 1.209629 0.176610 -2.783082 0.149410 -0.103499 1.301636 0.134895
1.205712 -0.276790 0.192917 0.173533 0.028559 0.074905 -0.551958 -0.160984 0.096682 -0.084039 -0.548444 -0.790916 0.138143 1.209632 0.176611 -2.879763 0.232254 -0.116918 1.348816 0.149551
1.205648 -0.276768 0.192918 0.173533 0.028560 0.074934 -0.551967 -0.160982 0.096682 -0.084039 -0.548460 -0.790932 0.138152 1.209635 0.176613 -2.976444 0.315099 -0.130337 1.395997 0.164206
1.206420 -0.277035 0.192912 0.173533 0.028553 0.074580 -0.551869 -0.161004 0.096675 -0.084040 -0.548273 -0.790738 0.138039 1.209598 0.176597 -2.009632 -0.513346 0.003854 0.924194 0.017649
1.206330 -0.277004 0.192913 0.173533 0.028554 0.074622 -0.551880 -0.161002 0.096676 -0.084040 -0.548295 -0.790761 0.138052 1.209602 0.176599 -2.106313 -0.430502 -0.009565 0.971374 0.032305
1.206243 -0.276973 0.192913 0.173533 0.028555 0.074662 -0.551891 -0.160999 0.096677 -0.084040 -0.548316 -0.790783 0.138065 1.209606 0.176600 -2.202994 -0.347657 -0.022984 1.018554 0.046961
1.206158 -0.276944 0.192914 0.173533 0.028555 0.074700 -0.551902 -0.160997 0.096677 -0.084040 -0.548336 -0.790804 0.138077 1.209611 0.176602 -2.299676 -0.264813 -0.036403 1.065735 0.061616
1.206077 -0.276916 0.192914 0.173533 0.028556 0.074738 -0.551912 -0.160994 0.096678 -0.084040 -0.548356 -0.790824 0.138089 1.209615 0.176604 -2.396357 -0.181968 -0.049822 1.112915 0.076272
1.205998 -0.276889 0.192915 0.173533 0.028557 0.074774 -0.551922 -0.160992 0.096679 -0.084040 -0.548375 -0.790844 0.138101 1.209618 0.176605 -2.493038 -0.099124 -0.063241 1.160095 0.090928
1.205922 -0.276862 0.192916 0.173533 0.028558 0.074808 -0.551932 -0.160990 0.096680 -0.084040 -0.548393 -0.790863 0.138112 1.209622 0.176607 -2.589719 -0.016279 -0.076660 1.207276 0.105583
1.205849 -0.276837 0.192916 0.173533 0.028558 0.074842 -0.551941 -0.160988 0.096680 -0.084040 -0.548411 -0.790882 0.138123 1.209626 0.176609 -2.686400 0.066565 -0.090079 1.254456 0.120239
1.205779 -0.276813 0.192917 0.173533 0.028559 0.074874 -0.551950 -0.160986 0.096681 -0.084039 -0.548428 -0.790899 0.138133 1.209629 0.176610 -2.783082 0.149410 -0.103499 1.301636 0.134895
1.205712 -0.276790 0.192917 0.173533 0.028559 0.074905 -0.551958 -0.160984 0.096682 -0.084039 -0.548444 -0.790916 0.138143 1.209632 0.176611 -2.879763 0.232254 -0.116918 1.348816 0.149551
1.205648 -0.276768 0.192918 0.173533 0.028560 0.074934 -0.551967 -0.160982 0.096682 -0.084039 -0.548460 -0.790932 0.138152 1.209635 0.176613 -2.976444 0.315099 -0.130337 1.395997 0.164206
1.206420 -0.277035 0.192912 0.173533 0.028553 0.074580 -0.551869 -0.161004 0.096675 -0.084040 -0.548273 -0.790738 0.138039 1.209598 0.176597 -2.009632 -0.513346 0.003854 0.924194 0.017649
1.206330 -0.277004 0.192913 0.173533 0.028554 0.074622 -0.551880 -0.161002 0.096676 -0.084040 -0.548295 -0.790761 0.138052 1.209602 0.176599 -2.106313 -0.430502 -0.009565 0.971374 0.032305
1.206243 -0.276973 0.192913 0.173533 0.028555 0.074662 -0.551891 -0.160999 0.096677 -0.084040 -0.548316 -0.790783 0.138065 1.209606 0.176600 -2.202994 -0.347657 -0.022984 1.018554 0.046961
1.206158 -0.276944 0.192914 0.173533 0.028555 0.074700 -0.551902 -0.160997 0.096677 -0.084040 -0.548336 -0.790804 0.138077 1.209611 0.176602 -2.299676 -0.264813 -0.036403 1.065735 0.061616
1.206077 -0.276916 0.192914 0.173533 0.028556 0.074738 -0.551912 -0.160994 0.096678 -0.084040 -0.548356 -0.790824 0.138089 1.209615 0.176604 -2.396357 -0.181968 -0.049822 1.112915 0.076272
1.205998 -0.276889 0.192915 0.173533 0.028557 0.074774 -0.551922 -0.160992 0.096679 -0.084040 -0.548375 -0.790844 0.138101 1.209618 0.176605 -2.493038 -0.099124 -0.063241 1.160095 0.090928
1.205922 -0.276862 0.192916 0.173533 0.028558 0.074808 -0.551932 -0.160990 0.096680 -0.084040 -0.548393 -0.790863 0.138112 1.209622 0.176607 -2.589719 -0.016279 -0.076660 1.207276 0.105583
1.205849 -0.276837 0.192916 0.173533 0.028558 0.074842 -0.551941 -0.160988 0.096680 -0.084040 -0.548411 -0.790882 0.138123 1.209626 0.176609 -2.686400 0.066565 -0.090079 1.254456 0.120239
1.205779 -0.276813 0.192917 0.173533 0.028559 0.074874 -0.551950 -0.160986 0.096681 -0.084039 -0.548428 -0.790899 0.138133 1.209629 0.176610 -2.783082 0.149410 -0.103499 1.301636 0.134895
1.205712 -0.276790 0.192917 0.173533 0.028559 0.074905 -0.551958 -0.160984 0.096682 -0.084039 -0.548444 -0.790916 0.138143 1.209632 0.176611 -2.879763 0.232254 -0.116918 1.348816 0.149551
1.205648 -0.276768 0.192918 0.173533 0.028560 0.074934 -0.551967 -0.160982 0.096682 -0.084039 -0.548460 -0.790932 0.138152 1.209635 0.176613 -2.976444 0.315099 -0.130337 1.395997 0.164206
1.206420 -0.277035 0.192912 0.173533 0.028553 0.074580 -0.551869 -0.161004 0.096675 -0.084040 -0.548273 -0.790738 0.138039 1.209598 0.176597 -2.009632 -0.513346 0.003854 0.924194 0.017649
1.206330 -0.277004 0.192913 0.173533 0.028554 0.074622 -0.551880 -0.161002 0.096676 -0.084040 -0.548295 -0.790761 0.138052 1.209602 0.176599 -2.106313 -0.430502 -0.009565 0.971374 0.032305
1.206243 -0.276973 0.192913 0.173533 0.028555 0.074662 -0.551891 -0.160999 0.096677 -0.084040 -0.548316 -0.790783 0.138065 1.209606 0.176600 -2.202994 -0.347657 -0.022984 1.018554 0.046961
1.206158 -0.276944 0.192914 0.173533 0.028555 0.074700 -0.551902 -0.160997 0.096677 -0.084040 -0.548336 -0.790804 0.138077 1.209611 0.176602 -2.299676 -0.264813 -0.036403 1.065735 0.061616
1.206077 -0.276916 0.192914 0.173533 0.028556 0.074738 -0.551912 -0.160994 0.096678 -0.084040 -0.548356 -0.790824 0.138089 1.209615 0.176604 -2.396357 -0.181968 -0.049822 1.112915 0.076272
1.205998 -0.276889 0.192915 0.173533 0.028557 0.074774 -0.551922 -0.160992 0.096679 -0.084040 -0.548375 -0.790844 0.138101 1.209618 0.176605 -2.493038 -0.099124 -0.063241 1.160095 0.090928
1.205922 -0.276862 0.192916 0.173533 0.028558 0.074808 -0.551932 -0.160990 0.096680 -0.084040 -0.548393 -0.790863 0.138112 1.209622 0.176607 -2.589719 -0.016279 -0.076660 1.207276 0.105583
1.205849 -0.276837 0.192916 0.173533 0.028558 0.074842 -0.551941 -0.160988 0.096680 -0.084040 -0.548411 -0.790882 0.138123 1.209626 0.176609 -2.686400 0.066565 -0.090079 1.254456 0.120239
1.205779 -0.276813 0.192917 0.173533 0.028559 0.074874 -0.551950 -0.160986 0.096681 -0.084039 -0.548428 -0.790899 0.138133 1.209629 0.176610 -2.783082 0.149410 -0.103499 1.301636 0.134895
1.205712 -0.276790 0.192917 0.173533 0.028559 0.074905 -0.551958 -0.160984 0.096682 -0.084039 -0.548444 -0.790916 0.138143 1.209632 0.176611 -2.879763 0.232254 -0.116918 1.348816 0.149551
1.205648 -0.276768 0.192918 0.173533 0.028560 0.074934 -0.551967 -0.160982 0.096682 -0.084039 -0.548460 -0.790932 0.138152 1.209635 0.176613 -2.976444 0.315099 -0.130337 1.395997 0.164206
