2.360699 -0.373708 0.199370 0.168276 0.012159 0.451941 0.100796 -0.133566 0.578322 -0.042763 -0.214033 -0.380647 0.083478 0.054339 0.099823 -0.790908 -0.424484 0.231199 0.198290 -0.012343
2.360699 -0.373708 0.199370 0.168276 0.012159 0.451941 0.100796 -0.133566 0.578322 -0.042763 -0.214033 -0.380647 0.083478 0.054339 0.099823 -0.790908 -0.424484 0.231199 0.198290 -0.012343
2.360699 -0.373708 0.199370 0.168276 0.012159 0.451941 0.100796 -0.133566 0.578322 -0.042763 -0.214033 -0.380647 0.083478 0.054339 0.099823 -0.790908 -0.424484 0.231199 0.198290 -0.012343
2.360699 -0.373708 0.199370 0.168276 0.012159 0.451941 0.100796 -0.133566 0.578322 -0.042763 -0.214033 -0.380647 0.083478 0.054339 0.099823 -0.790908 -0.424484 0.231199 0.198290 -0.012343
2.360699 -0.373708 0.199370 0.168276 0.012159 0.451941 0.100796 -0.133566 0.578322 -0.042763 -0.214033 -0.380647 0.083478 0.054339 0.099823 -0.790908 -0.424484 0.231199 0.198290 -0.012343
2.360699 -0.373708 0.199370 0.168276 0.012159 0.451941 0.100796 -0.133566 0.578322 -0.042763 -0.214033 -0.380647 0.083478 0.054339 0.099823 -0.790908 -0.424484 0.231199 0.198290 -0.012343
2.360699 -0.373708 0.199370 0.168276 0.012159 0.451941 0.100796 -0.133566 0.578322 -0.042763 -0.214033 -0.380647 0.083478 0.054339 0.099823 -0.790908 -0.424484 0.231199 0.198290 -0.012343
2.360699 -0.373708 0.199370 0.168276 0.012159 0.451941 0.100796 -0.133566 0.578322 -0.042763 -0.214033 -0.380647 0.083478 0.054339 0.099823 -0.790908 -0.424484 0.231199 0.198290 -0.012343
2.360699 -0.373708 0.199370 0.168276 0.012159 0.451941 0.100796 -0.133566 0.578322 -0.042763 -0.214033 -0.380647 0.083478 0.054339 0.099823 -0.790908 -0.424484 0.231199 0.198290 -0.012343
2.360699 -0.373708 0.199370 0.168276 0.012159 0.451941 0.100796 -0.133566 0.578322 -0.042763 -0.214033 -0.380647 0.083478 0.054339 0.099823 -0.790908 -0.424484 0.231199 0.198290 -0.012343
2.360699 -0.373708 0.199370 0.168276 0.012159 0.451941 0.100796 -0.133566 0.578322 -0.042763 -0.214033 -0.380647 0.083478 0.054339 0.099823 -0.790908 -0.424484 0.231199 0.198290 -0.012343
2.360699 -0.373708 0.199370 0.168276 0.012159 0.451941 0.100796 -0.133566 0.578322 -0.042763 -0.214033 -0.380647 0.083478 0.054339 0.099823 -0.790908 -0.424484 0.231199 0.198290 -0.012343
2.360699 -0.373708 0.199370 0.168276 0.012159 0.451941 0.100796 -0.133566 0.578322 -0.042763 -0.214033 -0.380647 0.083478 0.054339 0.099823 -0.790908 -0.424484 0.231199 0.198290 -0.012343
2.360699 -0.373708 0.199370 0.168276 0.012159 0.451941 0.100796 -0.133566 0.578322 -0.042763 -0.214033 -0.380647 0.083478 0.054339 0.099823 -0.790908 -0.424484 0.231199 0.198290 -0.012343
2.360699 -0.373708 0.199370 0.168276 0.012159 0.451941 0.100796 -0.133566 0.578322 -0.042763 -0.214033 -0.380647 0.083478 0.054339 0.099823 -0.790908 -0.424484 0.231199 0.198290 -0.012343
2.360699 -0.373708 0.199370 0.168276 0.012159 0.451941 0.100796 -0.133566 0.578322 -0.042763 -0.214033 -0.380647 0.083478 0.054339 0.099823 -0.790908 -0.424484 0.231199 0.198290 -0.012343
2.360699 -0.373708 0.199370 0.168276 0.012159 0.451941 0.100796 -0.133566 0.578322 -0.042763 -0.214033 -0.380647 0.083478 0.054339 0.099823 -0.790908 -0.424484 0.231199 0.198290 -0.012343
2.360699 -0.373708 0.199370 0.168276 0.012159 0.451941 0.100796 -0.133566 0.578322 -0.042763 -0.214033 -0.380647 0.083478 0.054339 0.099823 -0.790908 -0.424484 0.231199 0.198290 -0.012343
2.360699 -0.373708 0.199370 0.168276 0.012159 0.451941 0.100796 -0.133566 0.578322 -0.042763 -0.214033 -0.380647 0.083478 0.054339 0.099823 -0.790908 -0.424484 0.231199 0.198290 -0.012343
2.360699 -0.373708 0.199370 0.168276 0.012159 0.451941 0.100796 -0.133566 0.578322 -0.042763 -0.214033 -0.380647 0.083478 0.054339 0.099823 -0.790908 -0.424484 0.231199 0.198290 -0.012343
2.360699 -0.373708 0.199370 0.168276 0.012159 0.451941 0.100796 -0.133566 0.578322 -0.042763 -0.214033 -0.380647 0.083478 0.054339 0.099823 -0.790908 -0.424484 0.231199 0.198290 -0.012343
2.360699 -0.373708 0.199370 0.168276 0.012159 0.451941 0.100796 -0.133566 0.578322 -0.042763 -0.214033 -0.380647 0.083478 0.054339 0.099823 -0.790908 -0.424484 0.231199 0.198290 -0.012343
2.360699 -0.373708 0.199370 0.168276 0.012159 0.451941 0.100796 -0.133566 0.578322 -0.042763 -0.214033 -0.380647 0.083478 0.054339 0.099823 -0.790908 -0.424484 0.231199 0.198290 -0.012343
2.360699 -0.373708 0.199370 0.168276 0.012159 0.451941 0.100796 -0.133566 0.578322 -0.042763 -0.214033 -0.380647 0.083478 0.054339 0.099823 -0.790908 -0.424484 0.231199 0.198290 -0.012343
2.360699 -0.373708 0.199370 0.168276 0.012159 0.451941 0.100796 -0.133566 0.578322 -0.042763 -0.214033 -0.380647 0.083478 0.054339 0.099823 -0.790908 -0.424484 0.231199 0.198290 -0.012343
2.360699 -0.373708 0.199370 0.168276 0.012159 0.451941 0.100796 -0.133566 0.578322 -0.042763 -0.214033 -0.380647 0.083478 0.054339 0.099823 -0.790908 -0.424484 0.231199 0.198290 -0.012343
2.360699 -0.373708 0.199370 0.168276 0.012159 0.451941 0.100796 -0.133566 0.578322 -0.042763 -0.214033 -0.380647 0.083478 0.054339 0.099823 -0.790908 -0.424484 0.231199 0.198290 -0.012343
2.360699 -0.373708 0.199370 0.168276 0.012159 0.451941 0.100796 -0.133566 0.578322 -0.042763 -0.214033 -0.380647 0.083478 0.054339 0.099823 -0.790908 -0.424484 0.231199 0.198290 -0.012343
2.360699 -0.373708 0.199370 0.168276 0.012159 0.451941 0.100796 -0.133566 0.578322 -0.042763 -0.214033 -0.380647 0.083478 0.054339 0.099823 -0.790908 -0.424484 0.231199 0.198290 -0.012343
2.360699 -0.373708 0.199370 0.168276 0.012159 0.451941 0.100796 -0.133566 0.578322 -0.042763 -0.214033 -0.380647 0.083478 0.054339 0.099823 -0.790908 -0.424484 0.231199 0.198290 -0.012343
2.360699 -0.373708 0.199370 0.168276 0.012159 0.451941 0.100796 -0.133566 0.578322 -0.042763 -0.214033 -0.380647 0.083478 0.054339 0.099823 -0.790908 -0.424484 0.231199 0.198290 -0.012343
2.360699 -0.373708 0.199370 0.168276 0.012159 0.451941 0.100796 -0.133566 0.578322 -0.042763 -0.214033 -0.380647 0.083478 0.054339 0.099823 -0.790908 -0.424484 0.231199 0.198290 -0.012343
2.360699 -0.373708 0.199370 0.168276 0.012159 0.451941 0.100796 -0.133566 0.578322 -0.042763 -0.214033 -0.380647 0.083478 0.054339 0.099823 -0.790908 -0.424484 0.231199 0.198290 -0.012343
