1.205648 -0.276768 0.192918 0.173533 0.028560 0.074934 -0.551967 -0.160982 0.096682 -0.084039 -0.548460 -0.790932 0.138152 1.209635 0.176613 -2.976444 0.315099 -0.130337 1.395997 0.164206
1.205648 -0.276768 0.192918 0.173533 0.028560 0.074934 -0.551967 -0.160982 0.096682 -0.084039 -0.548460 -0.790932 0.138152 1.209635 0.176613 -2.976444 0.315099 -0.130337 1.395997 0.164206
1.205648 -0.276768 0.192918 0.173533 0.028560 0.074934 -0.551967 -0.160982 0.096682 -0.084039 -0.548460 -0.790932 0.138152 1.209635 0.176613 -2.976444 0.315099 -0.130337 1.395997 0.164206
1.205648 -0.276768 0.192918 0.173533 0.028560 0.074934 -0.551967 -0.160982 0.096682 -0.084039 -0.548460 -0.790932 0.138152 1.209635 0.176613 -2.976444 0.315099 -0.130337 1.395997 0.164206
1.205648 -0.276768 0.192918 0.173533 0.028560 0.074934 -0.551967 -0.160982 0.096682 -0.084039 -0.548460 -0.790932 0.138152 1.209635 0.176613 -2.976444 0.315099 -0.130337 1.395997 0.164206
1.205648 -0.276768 0.192918 0.173533 0.028560 0.074934 -0.551967 -0.160982 0.096682 -0.084039 -0.548460 -0.790932 0.138152 1.209635 0.176613 -2.976444 0.315099 -0.130337 1.395997 0.164206
1.205648 -0.276768 0.192918 0.173533 0.028560 0.074934 -0.551967 -0.160982 0.096682 -0.084039 -0.548460 -0.790932 0.138152 1.209635 0.176613 -2.976444 0.315099 -0.130337 1.395997 0.164206
1.205648 -0.276768 0.192918 0.173533 0.028560 0.074934 -0.551967 -0.160982 0.096682 -0.084039 -0.548460 -0.790932 0.138152 1.209635 0.176613 -2.976444 0.315099 -0.130337 1.395997 0.164206
1.205648 -0.276768 0.192918 0.173533 0.028560 0.074934 -0.551967 -0.160982 0.096682 -0.084039 -0.548460 -0.790932 0.138152 1.209635 0.176613 -2.976444 0.315099 -0.130337 1.395997 0.164206
1.205648 -0.276768 0.192918 0.173533 0.028560 0.074934 -0.551967 -0.160982 0.096682 -0.084039 -0.548460 -0.790932 0.138152 1.209635 0.176613 -2.976444 0.315099 -0.130337 1.395997 0.164206
1.205648 -0.276768 0.192918 0.173533 0.028560 0.074934 -0.551967 -0.160982 0.096682 -0.084039 -0.548460 -0.790932 0.138152 1.209635 0.176613 -2.976444 0.315099 -0.130337 1.395997 0.164206
1.205648 -0.276768 0.192918 0.173533 0.028560 0.074934 -0.551967 -0.160982 0.096682 -0.084039 -0.548460 -0.790932 0.138152 1.209635 0.176613 -2.976444 0.315099 -0.130337 1.395997 0.164206
1.205648 -0.276768 0.192918 0.173533 0.028560 0.074934 -0.551967 -0.160982 0.096682 -0.084039 -0.548460 -0.790932 0.138152 1.209635 0.176613 -2.976444 0.315099 -0.130337 1.395997 0.164206
1.205648 -0.276768 0.192918 0.173533 0.028560 0.074934 -0.551967 -0.160982 0.096682 -0.084039 -0.548460 -0.790932 0.138152 1.209635 0.176613 -2.976444 0.315099 -0.130337 1.395997 0.164206
1.205648 -0.276768 0.192918 0.173533 0.028560 0.074934 -0.551967 -0.160982 0.096682 -0.084039 -0.548460 -0.790932 0.138152 1.209635 0.176613 -2.976444 0.315099 -0.130337 1.395997 0.164206
1.205648 -0.276768 0.192918 0.173533 0.028560 0.074934 -0.551967 -0.160982 0.096682 -0.084039 -0.548460 -0.790932 0.138152 1.209635 0.176613 -2.976444 0.315099 -0.130337 1.395997 0.164206
1.205648 -0.276768 0.192918 0.173533 0.028560 0.074934 -0.551967 -0.160982 0.096682 -0.084039 -0.548460 -0.790932 0.138152 1.209635 0.176613 -2.976444 0.315099 -0.130337 1.395997 0.164206
1.205648 -0.276768 0.192918 0.173533 0.028560 0.074934 -0.551967 -0.160982 0.096682 -0.084039 -0.548460 -0.790932 0.138152 1.209635 0.176613 -2.976444 0.315099 -0.130337 1.395997 0.164206
1.205648 -0.276768 0.192918 0.173533 0.028560 0.074934 -0.551967 -0.160982 0.096682 -0.084039 -0.548460 -0.790932 0.138152 1.209635 0.176613 -2.976444 0.315099 -0.130337 1.395997 0.164206
1.205648 -0.276768 0.192918 0.173533 0.028560 0.074934 -0.551967 -0.160982 0.096682 -0.084039 -0.548460 -0.790932 0.138152 1.209635 0.176613 -2.976444 0.315099 -0.130337 1.395997 0.164206
1.205648 -0.276768 0.192918 0.173533 0.028560 0.074934 -0.551967 -0.160982 0.096682 -0.084039 -0.548460 -0.790932 0.138152 1.209635 0.176613 -2.976444 0.315099 -0.130337 1.395997 0.164206
1.205648 -0.276768 0.192918 0.173533 0.028560 0.074934 -0.551967 -0.160982 0.096682 -0.084039 -0.548460 -0.790932 0.138152 1.209635 0.176613 -2.976444 0.315099 -0.130337 1.395997 0.164206
1.205648 -0.276768 0.192918 0.173533 0.028560 0.074934 -0.551967 -0.160982 0.096682 -0.084039 -0.548460 -0.790932 0.138152 1.209635 0.176613 -2.976444 0.315099 -0.130337 1.395997 0.164206
1.205648 -0.276768 0.192918 0.173533 0.028560 0.074934 -0.551967 -0.160982 0.096682 -0.084039 -0.548460 -0.790932 0.138152 1.209635 0.176613 -2.976444 0.315099 -0.130337 1.395997 0.164206
1.205648 -0.276768 0.192918 0.173533 0.028560 0.074934 -0.551967 -0.160982 0.096682 -0.084039 -0.548460 -0.790932 0.138152 1.209635 0.176613 -2.976444 0.315099 -0.130337 1.395997 0.164206
1.205648 -0.276768 0.192918 0.173533 0.028560 0.074934 -0.551967 -0.160982 0.096682 -0.084039 -0.548460 -0.790932 0.138152 1.209635 0.176613 -2.976444 0.315099 -0.130337 1.395997 0.164206
1.205648 -0.276768 0.192918 0.173533 0.028560 0.074934 -0.551967 -0.160982 0.096682 -0.084039 -0.548460 -0.790932 0.138152 1.209635 0.176613 -2.976444 0.315099 -0.130337 1.395997 0.164206
1.205648 -0.276768 0.192918 0.173533 0.028560 0.074934 -0.551967 -0.160982 0.096682 -0.084039 -0.548460 -0.790932 0.138152 1.209635 0.176613 -2.976444 0.315099 -0.130337 1.395997 0.164206
1.205648 -0.276768 0.192918 0.173533 0.028560 0.074934 -0.551967 -0.160982 0.096682 -0.084039 -0.548460 -0.790932 0.138152 1.209635 0.176613 -2.976444 0.315099 -0.130337 1.395997 0.164206
1.205648 -0.276768 0.192918 0.173533 0.028560 0.074934 -0.551967 -0.160982 0.096682 -0.084039 -0.548460 -0.790932 0.138152 1.209635 0.176613 -2.976444 0.315099 -0.130337 1.395997 0.164206
1.205648 -0.276768 0.192918 0.173533 0.028560 0.074934 -0.551967 -0.160982 0.096682 -0.084039 -0.548460 -0.790932 0.138152 1.209635 0.176613 -2.976444 0.315099 -0.130337 1.395997 0.164206
1.205648 -0.276768 0.192918 0.173533 0.028560 0.074934 -0.551967 -0.160982 0.096682 -0.084039 -0.548460 -0.790932 0.138152 1.209635 0.176613 -2.976444 0.315099 -0.130337 1.395997 0.164206
1.205648 -0.276768 0.192918 0.173533 0.028560 0.074934 -0.551967 -0.160982 0.096682 -0.084039 -0.548460 -0.790932 0.138152 1.209635 0.176613 -2.976444 0.315099 -0.130337 1.395997 0.164206
1.205648 -0.276768 0.192918 0.173533 0.028560 0.074934 -0.551967 -0.160982 0.096682 -0.084039 -0.548460 -0.790932 0.138152 1.209635 0.176613 -2.976444 0.315099 -0.130337 1.395997 0.164206
1.205648 -0.276768 0.192918 0.173533 0.028560 0.074934 -0.551967 -0.160982 0.096682 -0.084039 -0.548460 -0.790932 0.138152 1.209635 0.176613 -2.976444 0.315099 -0.130337 1.395997 0.164206
1.205648 -0.276768 0.192918 0.173533 0.028560 0.074934 -0.551967 -0.160982 0.096682 -0.084039 -0.548460 -0.790932 0.138152 1.209635 0.176613 -2.976444 0.315099 -0.130337 1.395997 0.164206
1.205648 -0.276768 0.192918 0.173533 0.028560 0.074934 -0.551967 -0.160982 0.096682 -0.084039 -0.548460 -0.790932 0.138152 1.209635 0.176613 -2.976444 0.315099 -0.130337 1.395997 0.164206
1.205648 -0.276768 0.192918 0.173533 0.028560 0.074934 -0.551967 -0.160982 0.096682 -0.084039 -0.548460 -0.790932 0.138152 1.209635 0.176613 -2.976444 0.315099 -0.130337 1.395997 0.164206
1.205648 -0.276768 0.192918 0.173533 0.028560 0.074934 -0.551967 -0.160982 0.096682 -0.084039 -0.548460 -0.790932 0.138152 1.209635 0.176613 -2.976444 0.315099 -0.130337 1.395997 0.164206
1.205648 -0.276768 0.192918 0.173533 0.028560 0.074934 -0.551967 -0.160982 0.096682 -0.084039 -0.548460 -0.790932 0.138152 1.209635 0.176613 -2.976444 0.315099 -0.130337 1.395997 0.164206
1.205648 -0.276768 0.192918 0.173533 0.028560 0.074934 -0.551967 -0.160982 0.096682 -0.084039 -0.548460 -0.790932 0.138152 1.209635 0.176613 -2.976444 0.315099 -0.130337 1.395997 0.164206
1.205648 -0.276768 0.192918 0.173533 0.028560 0.074934 -0.551967 -0.160982 0.096682 -0.084039 -0.548460 -0.790932 0.138152 1.209635 0.176613 -2.976444 0.315099 -0.130337 1.395997 0.164206
1.205648 -0.276768 0.192918 0.173533 0.028560 0.074934 -0.551967 -0.160982 0.096682 -0.084039 -0.548460 -0.790932 0.138152 1.209635 0.176613 -2.976444 0.315099 -0.130337 1.395997 0.164206
1.205648 -0.276768 0.192918 0.173533 0.028560 0.074934 -0.551967 -0.160982 0.096682 -0.084039 -0.548460 -0.790932 0.138152 1.209635 0.176613 -2.976444 0.315099 -0.130337 1.395997 0.164206
1.205648 -0.276768 0.192918 0.173533 0.028560 0.074934 -0.551967 -0.160982 0.096682 -0.084039 -0.548460 -0.790932 0.138152 1.209635 0.176613 -2.976444 0.315099 -0.130337 1.395997 0.164206
1.205648 -0.276768 0.192918 0.173533 0.028560 0.074934 -0.551967 -0.160982 0.096682 -0.084039 -0.548460 -0.790932 0.138152 1.209635 0.176613 -2.976444 0.315099 -0.130337 1.395997 0.164206
1.205648 -0.276768 0.192918 0.173533 0.028560 0.074934 -0.551967 -0.160982 0.096682 -0.084039 -0.548460 -0.790932 0.138152 1.209635 0.176613 -2.976444 0.315099 -0.130337 1.395997 0.164206
1.205648 -0.276768 0.192918 0.173533 0.028560 0.074934 -0.551967 -0.160982 0.096682 -0.084039 -0.548460 -0.790932 0.138152 1.209635 0.176613 -2.976444 0.315099 -0.130337 1.395997 0.164206
1.205648 -0.276768 0.192918 0.173533 0.028560 0.074934 -0.551967 -0.160982 0.096682 -0.084039 -0.548460 -0.790932 0.138152 1.209635 0.176613 -2.976444 0.315099 -0.130337 1.395997 0.164206
1.205648 -0.276768 0.192918 0.173533 0.028560 0.074934 -0.551967 -0.160982 0.096682 -0.084039 -0.548460 -0.790932 0.138152 1.209635 0.176613 -2.976444 0.315099 -0.130337 1.395997 0.164206
1.205648 -0.276768 0.192918 0.173533 0.028560 0.074934 -0.551967 -0.160982 0.096682 -0.084039 -0.548460 -0.790932 0.138152 1.209635 0.176613 -2.976444 0.315099 -0.130337 1.395997 0.164206
1.205648 -0.276768 0.192918 0.173533 0.028560 0.074934 -0.551967 -0.160982 0.096682 -0.084039 -0.548460 -0.790932 0.138152 1.209635 0.176613 -2.976444 0.315099 -0.130337 1.395997 0.164206
1.205648 -0.276768 0.192918 0.173533 0.028560 0.074934 -0.551967 -0.160982 0.096682 -0.084039 -0.548460 -0.790932 0.138152 1.209635 0.176613 -2.976444 0.315099 -0.130337 1.395997 0.164206
1.205648 -0.276768 0.192918 0.173533 0.028560 0.074934 -0.551967 -0.160982 0.096682 -0.084039 -0.548460 -0.790932 0.138152 1.209635 0.176613 -2.976444 0.315099 -0.130337 1.395997 0.164206
1.205648 -0.276768 0.192918 0.173533 0.028560 0.074934 -0.551967 -0.160982 0.096682 -0.084039 -0.548460 -0.790932 0.138152 1.209635 0.176613 -2.976444 0.315099 -0.130337 1.395997 0.164206
1.205648 -0.276768 0.192918 0.173533 0.028560 0.074934 -0.551967 -0.160982 0.096682 -0.084039 -0.548460 -0.790932 0.138152 1.209635 0.176613 -2.976444 0.315099 -0.130337 1.395997 0.164206
1.205648 -0.276768 0.192918 0.173533 0.028560 0.074934 -0.551967 -0.160982 0.096682 -0.084039 -0.548460 -0.790932 0.138152 1.209635 0.176613 -2.976444 0.315099 -0.130337 1.395997 0.164206
1.205648 -0.276768 0.192918 0.173533 0.028560 0.074934 -0.551967 -0.160982 0.096682 -0.084039 -0.548460 -0.790932 0.138152 1.209635 0.176613 -2.976444 0.315099 -0.130337 1.395997 0.164206
1.205648 -0.276768 0.192918 0.173533 0.028560 0.074934 -0.551967 -0.160982 0.096682 -0.084039 -0.548460 -0.790932 0.138152 1.209635 0.176613 -2.976444 0.315099 -0.130337 1.395997 0.164206
1.205648 -0.276768 0.192918 0.173533 0.028560 0.074934 -0.551967 -0.160982 0.096682 -0.084039 -0.548460 -0.790932 0.138152 1.209635 0.176613 -2.976444 0.315099 -0.130337 1.395997 0.164206
1.205648 -0.276768 0.192918 0.173533 0.028560 0.074934 -0.551967 -0.160982 0.096682 -0.084039 -0.548460 -0.790932 0.138152 1.209635 0.176613 -2.976444 0.315099 -0.130337 1.395997 0.164206
1.205648 -0.276768 0.192918 0.173533 0.028560 0.074934 -0.551967 -0.160982 0.096682 -0.084039 -0.548460 -0.790932 0.138152 1.209635 0.176613 -2.976444 0.315099 -0.130337 1.395997 0.164206
1.205648 -0.276768 0.192918 0.173533 0.028560 0.074934 -0.551967 -0.160982 0.096682 -0.084039 -0.548460 -0.790932 0.138152 1.209635 0.176613 -2.976444 0.315099 -0.130337 1.395997 0.164206
1.205648 -0.276768 0.192918 0.173533 0.028560 0.074934 -0.551967 -0.160982 0.096682 -0.084039 -0.548460 -0.790932 0.138152 1.209635 0.176613 -2.976444 0.315099 -0.130337 1.395997 0.164206
1.205648 -0.276768 0.192918 0.173533 0.028560 0.074934 -0.551967 -0.160982 0.096682 -0.084039 -0.548460 -0.790932 0.138152 1.209635 0.176613 -2.976444 0.315099 -0.130337 1.395997 0.164206
1.205648 -0.276768 0.192918 0.173533 0.028560 0.074934 -0.551967 -0.160982 0.096682 -0.084039 -0.548460 -0.790932 0.138152 1.209635 0.176613 -2.976444 0.315099 -0.130337 1.395997 0.164206
