0.169476 0.256851 -0.404855 1.327788 0.455054 -0.883217 -0.568461 0.036800 0.185845 -0.068224 2.976444 0.295541 -0.100048 1.365917 -0.161690 0.122820 -0.600809 -0.177670 0.872246 0.187497
0.169476 0.256851 -0.404855 1.327788 0.455054 -0.883217 -0.568461 0.036800 0.185845 -0.068224 2.976444 0.295541 -0.100048 1.365917 -0.161690 0.122820 -0.600809 -0.177670 0.872246 0.187497
0.169476 0.256851 -0.404855 1.327788 0.455054 -0.883217 -0.568461 0.036800 0.185845 -0.068224 2.976444 0.295541 -0.100048 1.365917 -0.161690 0.122820 -0.600809 -0.177670 0.872246 0.187497
0.169476 0.256851 -0.404855 1.327788 0.455054 -0.883217 -0.568461 0.036800 0.185845 -0.068224 2.976444 0.295541 -0.100048 1.365917 -0.161690 0.122820 -0.600809 -0.177670 0.872246 0.187497
0.169476 0.256851 -0.404855 1.327788 0.455054 -0.883217 -0.568461 0.036800 0.185845 -0.068224 2.976444 0.295541 -0.100048 1.365917 -0.161690 0.122820 -0.600809 -0.177670 0.872246 0.187497
0.169476 0.256851 -0.404855 1.327788 0.455054 -0.883217 -0.568461 0.036800 0.185845 -0.068224 2.976444 0.295541 -0.100048 1.365917 -0.161690 0.122820 -0.600809 -0.177670 0.872246 0.187497
0.169476 0.256851 -0.404855 1.327788 0.455054 -0.883217 -0.568461 0.036800 0.185845 -0.068224 2.976444 0.295541 -0.100048 1.365917 -0.161690 0.122820 -0.600809 -0.177670 0.872246 0.187497
0.169476 0.256851 -0.404855 1.327788 0.455054 -0.883217 -0.568461 0.036800 0.185845 -0.068224 2.976444 0.295541 -0.100048 1.365917 -0.161690 0.122820 -0.600809 -0.177670 0.872246 0.187497
0.169476 0.256851 -0.404855 1.327788 0.455054 -0.883217 -0.568461 0.036800 0.185845 -0.068224 2.976444 0.295541 -0.100048 1.365917 -0.161690 0.122820 -0.600809 -0.177670 0.872246 0.187497
0.169476 0.256851 -0.404855 1.327788 0.455054 -0.883217 -0.568461 0.036800 0.185845 -0.068224 2.976444 0.295541 -0.100048 1.365917 -0.161690 0.122820 -0.600809 -0.177670 0.872246 0.187497
0.169476 0.256851 -0.404855 1.327788 0.455054 -0.883217 -0.568461 0.036800 0.185845 -0.068224 2.976444 0.295541 -0.100048 1.365917 -0.161690 0.122820 -0.600809 -0.177670 0.872246 0.187497
0.169476 0.256851 -0.404855 1.327788 0.455054 -0.883217 -0.568461 0.036800 0.185845 -0.068224 2.976444 0.295541 -0.100048 1.365917 -0.161690 0.122820 -0.600809 -0.177670 0.872246 0.187497
0.203238 0.282712 -0.410189 1.345644 0.460955 -0.848831 -0.566565 0.027187 0.181641 -0.068935 2.837928 0.247405 -0.075173 1.377001 -0.155580 0.136850 -0.599542 -0.171818 0.849991 0.184500
0.237000 0.308573 -0.415523 1.363501 0.466856 -0.814444 -0.564671 0.017573 0.177437 -0.069646 2.699412 0.199269 -0.050298 1.388085 -0.149470 0.150880 -0.598273 -0.165966 0.827735 0.181504
0.270762 0.334433 -0.420857 1.381357 0.472757 -0.780058 -0.562780 0.007960 0.173233 -0.070357 2.560896 0.151134 -0.025423 1.399169 -0.143360 0.164910 -0.597002 -0.160116 0.805480 0.178507
0.304524 0.360294 -0.426191 1.399214 0.478658 -0.745673 -0.560891 -0.001653 0.169029 -0.071068 2.422380 0.102998 -0.000548 1.410253 -0.137250 0.178941 -0.595731 -0.154266 0.783224 0.175510
0.338286 0.386155 -0.431525 1.417071 0.484560 -0.711287 -0.559005 -0.011267 0.164825 -0.071779 2.283864 0.054863 0.024327 1.421337 -0.131140 0.192972 -0.594458 -0.148417 0.760968 0.172513
0.372048 0.412016 -0.436858 1.434927 0.490461 -0.676902 -0.557121 -0.020880 0.160621 -0.072490 2.145348 0.006727 0.049202 1.432421 -0.125030 0.207004 -0.593184 -0.142568 0.738711 0.169517
0.405811 0.437876 -0.442192 1.452784 0.496362 -0.642517 -0.555240 -0.030493 0.156417 -0.073200 2.006832 -0.041408 0.074077 1.443505 -0.118920 0.221037 -0.591908 -0.136721 0.716454 0.166519
0.439573 0.463737 -0.447526 1.470640 0.502263 -0.608133 -0.553361 -0.040107 0.152214 -0.073911 1.868316 -0.089544 0.098952 1.454589 -0.112810 0.235070 -0.590631 -0.130874 0.694197 0.163522
0.473336 0.489598 -0.452860 1.488497 0.508164 -0.573748 -0.551484 -0.049720 0.148010 -0.074622 1.729800 -0.137680 0.123827 1.465673 -0.106700 0.249103 -0.589353 -0.125029 0.671940 0.160525
0.507098 0.515459 -0.458194 1.506354 0.514065 -0.539364 -0.549610 -0.059334 0.143806 -0.075333 1.591284 -0.185815 0.148702 1.476758 -0.100590 0.263138 -0.588073 -0.119184 0.649683 0.157528
0.507098 0.515459 -0.458194 1.506354 0.514065 -0.539364 -0.549610 -0.059334 0.143806 -0.075333 1.591284 -0.185815 0.148702 1.476758 -0.100590 0.263138 -0.588073 -0.119184 0.649683 0.157528
0.507098 0.515459 -0.458194 1.506354 0.514065 -0.539364 -0.549610 -0.059334 0.143806 -0.075333 1.591283 -0.185815 0.148702 1.476757 -0.100590 0.263138 -0.588073 -0.119184 0.649682 0.157528
0.507098 0.515459 -0.458194 1.506354 0.514065 -0.539364 -0.549610 -0.059334 0.143806 -0.075333 1.591283 -0.185815 0.148702 1.476757 -0.100590 0.263138 -0.588073 -0.119184 0.649682 0.157528
0.507098 0.515459 -0.458194 1.506354 0.514065 -0.539364 -0.549610 -0.059334 0.143806 -0.075333 1.591283 -0.185815 0.148702 1.476757 -0.100590 0.263138 -0.588073 -0.119184 0.649682 0.157528
0.507098 0.515459 -0.458194 1.506354 0.514065 -0.539364 -0.549610 -0.059334 0.143806 -0.075333 1.591283 -0.185815 0.148702 1.476757 -0.100590 0.263138 -0.588073 -0.119184 0.649682 0.157528
0.507098 0.515459 -0.458194 1.506354 0.514065 -0.539364 -0.549610 -0.059334 0.143806 -0.075333 1.591283 -0.185815 0.148702 1.476757 -0.100590 0.263138 -0.588073 -0.119184 0.649682 0.157528
0.507098 0.515459 -0.458194 1.506354 0.514065 -0.539364 -0.549610 -0.059334 0.143806 -0.075333 1.591283 -0.185815 0.148702 1.476757 -0.100590 0.263137 -0.588073 -0.119184 0.649682 0.157528
0.507098 0.515459 -0.458194 1.506354 0.514065 -0.539364 -0.549610 -0.059334 0.143806 -0.075333 1.591283 -0.185815 0.148702 1.476757 -0.100590 0.263137 -0.588073 -0.119184 0.649682 0.157528
0.507098 0.515459 -0.458194 1.506354 0.514065 -0.539364 -0.549610 -0.059334 0.143806 -0.075333 1.591283 -0.185815 0.148702 1.476757 -0.100590 0.263137 -0.588073 -0.119184 0.649682 0.157528
0.507098 0.515459 -0.458194 1.506354 0.514065 -0.539364 -0.549610 -0.059334 0.143806 -0.075333 1.591283 -0.185815 0.148702 1.476757 -0.100590 0.263137 -0.588073 -0.119184 0.649682 0.157528
0.507099 0.515459 -0.458194 1.506354 0.514065 -0.539364 -0.549610 -0.059334 0.143806 -0.075333 1.591283 -0.185815 0.148702 1.476757 -0.100590 0.263137 -0.588073 -0.119184 0.649682 0.157528
0.169476 0.256851 -0.404855 1.327788 0.455054 -0.883217 -0.568461 0.036800 0.185845 -0.068224 2.976444 0.295541 -0.100048 1.365917 -0.161690 0.122820 -0.600809 -0.177670 0.872246 0.187497
0.169476 0.256851 -0.404855 1.327788 0.455054 -0.883217 -0.568461 0.036800 0.185845 -0.068224 2.976444 0.295541 -0.100048 1.365917 -0.161690 0.122820 -0.600809 -0.177670 0.872246 0.187497
0.169476 0.256851 -0.404855 1.327788 0.455054 -0.883217 -0.568461 0.036800 0.185845 -0.068224 2.976444 0.295541 -0.100048 1.365917 -0.161690 0.122820 -0.600809 -0.177670 0.872246 0.187497
0.169476 0.256851 -0.404855 1.327788 0.455054 -0.883217 -0.568461 0.036800 0.185845 -0.068224 2.976444 0.295541 -0.100048 1.365917 -0.161690 0.122820 -0.600809 -0.177670 0.872246 0.187497
0.169476 0.256851 -0.404855 1.327788 0.455054 -0.883217 -0.568461 0.036800 0.185845 -0.068224 2.976444 0.295541 -0.100048 1.365917 -0.161690 0.122820 -0.600809 -0.177670 0.872246 0.187497
0.169476 0.256851 -0.404855 1.327788 0.455054 -0.883217 -0.568461 0.036800 0.185845 -0.068224 2.976444 0.295541 -0.100048 1.365917 -0.161690 0.122820 -0.600809 -0.177670 0.872246 0.187497
0.169476 0.256851 -0.404855 1.327788 0.455054 -0.883217 -0.568461 0.036800 0.185845 -0.068224 2.976444 0.295541 -0.100048 1.365917 -0.161690 0.122820 -0.600809 -0.177670 0.872246 0.187497
0.169476 0.256851 -0.404855 1.327788 0.455054 -0.883217 -0.568461 0.036800 0.185845 -0.068224 2.976444 0.295541 -0.100048 1.365917 -0.161690 0.122820 -0.600809 -0.177670 0.872246 0.187497
0.169476 0.256851 -0.404855 1.327788 0.455054 -0.883217 -0.568461 0.036800 0.185845 -0.068224 2.976444 0.295541 -0.100048 1.365917 -0.161690 0.122820 -0.600809 -0.177670 0.872246 0.187497
0.169476 0.256851 -0.404855 1.327788 0.455054 -0.883217 -0.568461 0.036800 0.185845 -0.068224 2.976444 0.295541 -0.100048 1.365917 -0.161690 0.122820 -0.600809 -0.177670 0.872246 0.187497
0.169476 0.256851 -0.404855 1.327788 0.455054 -0.883217 -0.568461 0.036800 0.185845 -0.068224 2.976444 0.295541 -0.100048 1.365917 -0.161690 0.122820 -0.600809 -0.177670 0.872246 0.187497
0.169476 0.256851 -0.404855 1.327788 0.455054 -0.883217 -0.568461 0.036800 0.185845 -0.068224 2.976444 0.295541 -0.100048 1.365917 -0.161690 0.122820 -0.600809 -0.177670 0.872246 0.187497
0.203238 0.282712 -0.410189 1.345644 0.460955 -0.848831 -0.566565 0.027187 0.181641 -0.068935 2.837928 0.247405 -0.075173 1.377001 -0.155580 0.136850 -0.599542 -0.171818 0.849991 0.184500
0.237000 0.308573 -0.415523 1.363501 0.466856 -0.814444 -0.564671 0.017573 0.177437 -0.069646 2.699412 0.199269 -0.050298 1.388085 -0.149470 0.150880 -0.598273 -0.165966 0.827735 0.181504
0.270762 0.334433 -0.420857 1.381357 0.472757 -0.780058 -0.562780 0.007960 0.173233 -0.070357 2.560896 0.151134 -0.025423 1.399169 -0.143360 0.164910 -0.597002 -0.160116 0.805480 0.178507
0.304524 0.360294 -0.426191 1.399214 0.478658 -0.745673 -0.560891 -0.001653 0.169029 -0.071068 2.422380 0.102998 -0.000548 1.410253 -0.137250 0.178941 -0.595731 -0.154266 0.783224 0.175510
0.338286 0.386155 -0.431525 1.417071 0.484560 -0.711287 -0.559005 -0.011267 0.164825 -0.071779 2.283864 0.054863 0.024327 1.421337 -0.131140 0.192972 -0.594458 -0.148417 0.760968 0.172513
0.372048 0.412016 -0.436858 1.434927 0.490461 -0.676902 -0.557121 -0.020880 0.160621 -0.072490 2.145348 0.006727 0.049202 1.432421 -0.125030 0.207004 -0.593184 -0.142568 0.738711 0.169517
0.405811 0.437876 -0.442192 1.452784 0.496362 -0.642517 -0.555240 -0.030493 0.156417 -0.073200 2.006832 -0.041408 0.074077 1.443505 -0.118920 0.221037 -0.591908 -0.136721 0.716454 0.166519
0.439573 0.463737 -0.447526 1.470640 0.502263 -0.608133 -0.553361 -0.040107 0.152214 -0.073911 1.868316 -0.089544 0.098952 1.454589 -0.112810 0.235070 -0.590631 -0.130874 0.694197 0.163522
0.473336 0.489598 -0.452860 1.488497 0.508164 -0.573748 -0.551484 -0.049720 0.148010 -0.074622 1.729800 -0.137680 0.123827 1.465673 -0.106700 0.249103 -0.589353 -0.125029 0.671940 0.160525
0.507098 0.515459 -0.458194 1.506354 0.514065 -0.539364 -0.549610 -0.059334 0.143806 -0.075333 1.591284 -0.185815 0.148702 1.476758 -0.100590 0.263138 -0.588073 -0.119184 0.649683 0.157528
0.507098 0.515459 -0.458194 1.506354 0.514065 -0.539364 -0.549610 -0.059334 0.143806 -0.075333 1.591284 -0.185815 0.148702 1.476758 -0.100590 0.263138 -0.588073 -0.119184 0.649683 0.157528
0.507098 0.515459 -0.458194 1.506354 0.514065 -0.539364 -0.549610 -0.059334 0.143806 -0.075333 1.591283 -0.185815 0.148702 1.476757 -0.100590 0.263138 -0.588073 -0.119184 0.649682 0.157528
0.507098 0.515459 -0.458194 1.506354 0.514065 -0.539364 -0.549610 -0.059334 0.143806 -0.075333 1.591283 -0.185815 0.148702 1.476757 -0.100590 0.263138 -0.588073 -0.119184 0.649682 0.157528
0.507098 0.515459 -0.458194 1.506354 0.514065 -0.539364 -0.549610 -0.059334 0.143806 -0.075333 1.591283 -0.185815 0.148702 1.476757 -0.100590 0.263138 -0.588073 -0.119184 0.649682 0.157528
0.507098 0.515459 -0.458194 1.506354 0.514065 -0.539364 -0.549610 -0.059334 0.143806 -0.075333 1.591283 -0.185815 0.148702 1.476757 -0.100590 0.263138 -0.588073 -0.119184 0.649682 0.157528
0.507098 0.515459 -0.458194 1.506354 0.514065 -0.539364 -0.549610 -0.059334 0.143806 -0.075333 1.591283 -0.185815 0.148702 1.476757 -0.100590 0.263138 -0.588073 -0.119184 0.649682 0.157528
0.507098 0.515459 -0.458194 1.506354 0.514065 -0.539364 -0.549610 -0.059334 0.143806 -0.075333 1.591283 -0.185815 0.148702 1.476757 -0.100590 0.263137 -0.588073 -0.119184 0.649682 0.157528
0.507098 0.515459 -0.458194 1.506354 0.514065 -0.539364 -0.549610 -0.059334 0.143806 -0.075333 1.591283 -0.185815 0.148702 1.476757 -0.100590 0.263137 -0.588073 -0.119184 0.649682 0.157528
0.507098 0.515459 -0.458194 1.506354 0.514065 -0.539364 -0.549610 -0.059334 0.143806 -0.075333 1.591283 -0.185815 0.148702 1.476757 -0.100590 0.263137 -0.588073 -0.119184 0.649682 0.157528
0.507098 0.515459 -0.458194 1.506354 0.514065 -0.539364 -0.549610 -0.059334 0.143806 -0.075333 1.591283 -0.185815 0.148702 1.476757 -0.100590 0.263137 -0.588073 -0.119184 0.649682 0.157528
0.507099 0.515459 -0.458194 1.506354 0.514065 -0.539364 -0.549610 -0.059334 0.143806 -0.075333 1.591283 -0.185815 0.148702 1.476757 -0.100590 0.263137 -0.588073 -0.119184 0.649682 0.157528
0.169476 0.256851 -0.404855 1.327788 0.455054 -0.883217 -0.568461 0.036800 0.185845 -0.068224 2.976444 0.295541 -0.100048 1.365917 -0.161690 0.122820 -0.600809 -0.177670 0.872246 0.187497
0.169476 0.256851 -0.404855 1.327788 0.455054 -0.883217 -0.568461 0.036800 0.185845 -0.068224 2.976444 0.295541 -0.100048 1.365917 -0.161690 0.122820 -0.600809 -0.177670 0.872246 0.187497
0.169476 0.256851 -0.404855 1.327788 0.455054 -0.883217 -0.568461 0.036800 0.185845 -0.068224 2.976444 0.295541 -0.100048 1.365917 -0.161690 0.122820 -0.600809 -0.177670 0.872246 0.187497
0.169476 0.256851 -0.404855 1.327788 0.455054 -0.883217 -0.568461 0.036800 0.185845 -0.068224 2.976444 0.295541 -0.100048 1.365917 -0.161690 0.122820 -0.600809 -0.177670 0.872246 0.187497
0.169476 0.256851 -0.404855 1.327788 0.455054 -0.883217 -0.568461 0.036800 0.185845 -0.068224 2.976444 0.295541 -0.100048 1.365917 -0.161690 0.122820 -0.600809 -0.177670 0.872246 0.187497
0.169476 0.256851 -0.404855 1.327788 0.455054 -0.883217 -0.568461 0.036800 0.185845 -0.068224 2.976444 0.295541 -0.100048 1.365917 -0.161690 0.122820 -0.600809 -0.177670 0.872246 0.187497
0.169476 0.256851 -0.404855 1.327788 0.455054 -0.883217 -0.568461 0.036800 0.185845 -0.068224 2.976444 0.295541 -0.100048 1.365917 -0.161690 0.122820 -0.600809 -0.177670 0.872246 0.187497
0.169476 0.256851 -0.404855 1.327788 0.455054 -0.883217 -0.568461 0.036800 0.185845 -0.068224 2.976444 0.295541 -0.100048 1.365917 -0.161690 0.122820 -0.600809 -0.177670 0.872246 0.187497
0.169476 0.256851 -0.404855 1.327788 0.455054 -0.883217 -0.568461 0.036800 0.185845 -0.068224 2.976444 0.295541 -0.100048 1.365917 -0.161690 0.122820 -0.600809 -0.177670 0.872246 0.187497
0.169476 0.256851 -0.404855 1.327788 0.455054 -0.883217 -0.568461 0.036800 0.185845 -0.068224 2.976444 0.295541 -0.100048 1.365917 -0.161690 0.122820 -0.600809 -0.177670 0.872246 0.187497
0.169476 0.256851 -0.404855 1.327788 0.455054 -0.883217 -0.568461 0.036800 0.185845 -0.068224 2.976444 0.295541 -0.100048 1.365917 -0.161690 0.122820 -0.600809 -0.177670 0.872246 0.187497
0.169476 0.256851 -0.404855 1.327788 0.455054 -0.883217 -0.568461 0.036800 0.185845 -0.068224 2.976444 0.295541 -0.100048 1.365917 -0.161690 0.122820 -0.600809 -0.177670 0.872246 0.187497
0.203238 0.282712 -0.410189 1.345644 0.460955 -0.848831 -0.566565 0.027187 0.181641 -0.068935 2.837928 0.247405 -0.075173 1.377001 -0.155580 0.136850 -0.599542 -0.171818 0.849991 0.184500
0.237000 0.308573 -0.415523 1.363501 0.466856 -0.814444 -0.564671 0.017573 0.177437 -0.069646 2.699412 0.199269 -0.050298 1.388085 -0.149470 0.150880 -0.598273 -0.165966 0.827735 0.181504
0.270762 0.334433 -0.420857 1.381357 0.472757 -0.780058 -0.562780 0.007960 0.173233 -0.070357 2.560896 0.151134 -0.025423 1.399169 -0.143360 0.164910 -0.597002 -0.160116 0.805480 0.178507
0.304524 0.360294 -0.426191 1.399214 0.478658 -0.745673 -0.560891 -0.001653 0.169029 -0.071068 2.422380 0.102998 -0.000548 1.410253 -0.137250 0.178941 -0.595731 -0.154266 0.783224 0.175510
0.338286 0.386155 -0.431525 1.417071 0.484560 -0.711287 -0.559005 -0.011267 0.164825 -0.071779 2.283864 0.054863 0.024327 1.421337 -0.131140 0.192972 -0.594458 -0.148417 0.760968 0.172513
0.372048 0.412016 -0.436858 1.434927 0.490461 -0.676902 -0.557121 -0.020880 0.160621 -0.072490 2.145348 0.006727 0.049202 1.432421 -0.125030 0.207004 -0.593184 -0.142568 0.738711 0.169517
0.405811 0.437876 -0.442192 1.452784 0.496362 -0.642517 -0.555240 -0.030493 0.156417 -0.073200 2.006832 -0.041408 0.074077 1.443505 -0.118920 0.221037 -0.591908 -0.136721 0.716454 0.166519
0.439573 0.463737 -0.447526 1.470640 0.502263 -0.608133 -0.553361 -0.040107 0.152214 -0.073911 1.868316 -0.089544 0.098952 1.454589 -0.112810 0.235070 -0.590631 -0.130874 0.694197 0.163522
0.473336 0.489598 -0.452860 1.488497 0.508164 -0.573748 -0.551484 -0.049720 0.148010 -0.074622 1.729800 -0.137680 0.123827 1.465673 -0.106700 0.249103 -0.589353 -0.125029 0.671940 0.160525
0.507098 0.515459 -0.458194 1.506354 0.514065 -0.539364 -0.549610 -0.059334 0.143806 -0.075333 1.591284 -0.185815 0.148702 1.476758 -0.100590 0.263138 -0.588073 -0.119184 0.649683 0.157528
0.507098 0.515459 -0.458194 1.506354 0.514065 -0.539364 -0.549610 -0.059334 0.143806 -0.075333 1.591284 -0.185815 0.148702 1.476758 -0.100590 0.263138 -0.588073 -0.119184 0.649683 0.157528
0.507098 0.515459 -0.458194 1.506354 0.514065 -0.539364 -0.549610 -0.059334 0.143806 -0.075333 1.591283 -0.185815 0.148702 1.476757 -0.100590 0.263138 -0.588073 -0.119184 0.649682 0.157528
0.507098 0.515459 -0.458194 1.506354 0.514065 -0.539364 -0.549610 -0.059334 0.143806 -0.075333 1.591283 -0.185815 0.148702 1.476757 -0.100590 0.263138 -0.588073 -0.119184 0.649682 0.157528
0.507098 0.515459 -0.458194 1.506354 0.514065 -0.539364 -0.549610 -0.059334 0.143806 -0.075333 1.591283 -0.185815 0.148702 1.476757 -0.100590 0.263138 -0.588073 -0.119184 0.649682 0.157528
0.507098 0.515459 -0.458194 1.506354 0.514065 -0.539364 -0.549610 -0.059334 0.143806 -0.075333 1.591283 -0.185815 0.148702 1.476757 -0.100590 0.263138 -0.588073 -0.119184 0.649682 0.157528
0.507098 0.515459 -0.458194 1.506354 0.514065 -0.539364 -0.549610 -0.059334 0.143806 -0.075333 1.591283 -0.185815 0.148702 1.476757 -0.100590 0.263138 -0.588073 -0.119184 0.649682 0.157528
0.507098 0.515459 -0.458194 1.506354 0.514065 -0.539364 -0.549610 -0.059334 0.143806 -0.075333 1.591283 -0.185815 0.148702 1.476757 -0.100590 0.263137 -0.588073 -0.119184 0.649682 0.157528
0.507098 0.515459 -0.458194 1.506354 0.514065 -0.539364 -0.549610 -0.059334 0.143806 -0.075333 1.591283 -0.185815 0.148702 1.476757 -0.100590 0.263137 -0.588073 -0.119184 0.649682 0.157528
0.507098 0.515459 -0.458194 1.506354 0.514065 -0.539364 -0.549610 -0.059334 0.143806 -0.075333 1.591283 -0.185815 0.148702 1.476757 -0.100590 0.263137 -0.588073 -0.119184 0.649682 0.157528
0.507098 0.515459 -0.458194 1.506354 0.514065 -0.539364 -0.549610 -0.059334 0.143806 -0.075333 1.591283 -0.185815 0.148702 1.476757 -0.100590 0.263137 -0.588073 -0.119184 0.649682 0.157528
0.507099 0.515459 -0.458194 1.506354 0.514065 -0.539364 -0.549610 -0.059334 0.143806 -0.075333 1.591283 -0.185815 0.148702 1.476757 -0.100590 0.263137 -0.588073 -0.119184 0.649682 0.157528
