1.460298 -0.468908 0.076296 0.370431 0.114394 0.508474 0.105999 -0.083497 0.953410 -0.023330 -0.312376 -0.689787 0.199301 0.082827 0.104870 -2.160119 -0.263671 -0.396190 1.574723 0.184816
1.429806 -0.463473 0.067336 0.379911 0.118194 0.487097 0.113068 -0.082815 0.970246 -0.022349 -0.317582 -0.692405 0.195064 0.082761 0.103543 -2.207557 -0.185611 -0.402643 1.568108 0.217845
1.399315 -0.458038 0.058377 0.389392 0.121994 0.465721 0.120136 -0.082132 0.987083 -0.021369 -0.322787 -0.695024 0.190826 0.082694 0.102216 -2.254994 -0.107551 -0.409096 1.561493 0.250873
1.368823 -0.452604 0.049417 0.398872 0.125794 0.444345 0.127204 -0.081449 1.003920 -0.020388 -0.327993 -0.697642 0.186588 0.082628 0.100889 -2.302432 -0.029491 -0.415549 1.554878 0.283901
1.338332 -0.447169 0.040457 0.408352 0.129594 0.422969 0.134273 -0.080767 1.020757 -0.019407 -0.333199 -0.700260 0.182351 0.082561 0.099562 -2.349869 0.048569 -0.422002 1.548263 0.316930
1.307840 -0.441734 0.031498 0.417832 0.133394 0.401592 0.141341 -0.080084 1.037594 -0.018426 -0.338405 -0.702879 0.178113 0.082495 0.098235 -2.397307 0.126629 -0.428454 1.541648 0.349958
1.277349 -0.436299 0.022538 0.427313 0.137194 0.380216 0.148410 -0.079401 1.054431 -0.017445 -0.343610 -0.705497 0.173876 0.082428 0.096908 -2.444744 0.204689 -0.434907 1.535033 0.382987
1.246857 -0.430864 0.013579 0.436793 0.140994 0.358840 0.155478 -0.078718 1.071267 -0.016465 -0.348816 -0.708115 0.169638 0.082362 0.095581 -2.492182 0.282749 -0.441360 1.528418 0.416015
1.216366 -0.425429 0.004619 0.446273 0.144794 0.337463 0.162547 -0.078036 1.088104 -0.015484 -0.354022 -0.710734 0.165401 0.082295 0.094254 -2.539619 0.360809 -0.447813 1.521803 0.449043
1.185875 -0.419994 -0.004341 0.455753 0.148594 0.316087 0.169615 -0.077353 1.104941 -0.014503 -0.359228 -0.713352 0.161163 0.082229 0.092928 -2.587057 0.438869 -0.454265 1.515188 0.482072
1.155383 -0.414559 -0.013300 0.465234 0.152394 0.294711 0.176684 -0.076670 1.121778 -0.013522 -0.364434 -0.715970 0.156925 0.082162 0.091601 -2.634494 0.516929 -0.460718 1.508573 0.515100
1.460298 -0.468908 0.076296 0.370431 0.114394 0.508474 0.105999 -0.083497 0.953410 -0.023330 -0.312376 -0.689787 0.199301 0.082827 0.104870 -2.160119 -0.263671 -0.396190 1.574723 0.184816
1.429806 -0.463473 0.067336 0.379911 0.118194 0.487097 0.113068 -0.082815 0.970246 -0.022349 -0.317582 -0.692405 0.195064 0.082761 0.103543 -2.207557 -0.185611 -0.402643 1.568108 0.217845
1.399315 -0.458038 0.058377 0.389392 0.121994 0.465721 0.120136 -0.082132 0.987083 -0.021369 -0.322787 -0.695024 0.190826 0.082694 0.102216 -2.254994 -0.107551 -0.409096 1.561493 0.250873
1.368823 -0.452604 0.049417 0.398872 0.125794 0.444345 0.127204 -0.081449 1.003920 -0.020388 -0.327993 -0.697642 0.186588 0.082628 0.100889 -2.302432 -0.029491 -0.415549 1.554878 0.283901
1.338332 -0.447169 0.040457 0.408352 0.129594 0.422969 0.134273 -0.080767 1.020757 -0.019407 -0.333199 -0.700260 0.182351 0.082561 0.099562 -2.349869 0.048569 -0.422002 1.548263 0.316930
1.307840 -0.441734 0.031498 0.417832 0.133394 0.401592 0.141341 -0.080084 1.037594 -0.018426 -0.338405 -0.702879 0.178113 0.082495 0.098235 -2.397307 0.126629 -0.428454 1.541648 0.349958
1.277349 -0.436299 0.022538 0.427313 0.137194 0.380216 0.148410 -0.079401 1.054431 -0.017445 -0.343610 -0.705497 0.173876 0.082428 0.096908 -2.444744 0.204689 -0.434907 1.535033 0.382987
1.246857 -0.430864 0.013579 0.436793 0.140994 0.358840 0.155478 -0.078718 1.071267 -0.016465 -0.348816 -0.708115 0.169638 0.082362 0.095581 -2.492182 0.282749 -0.441360 1.528418 0.416015
1.216366 -0.425429 0.004619 0.446273 0.144794 0.337463 0.162547 -0.078036 1.088104 -0.015484 -0.354022 -0.710734 0.165401 0.082295 0.094254 -2.539619 0.360809 -0.447813 1.521803 0.449043
1.185875 -0.419994 -0.004341 0.455753 0.148594 0.316087 0.169615 -0.077353 1.104941 -0.014503 -0.359228 -0.713352 0.161163 0.082229 0.092928 -2.587057 0.438869 -0.454265 1.515188 0.482072
1.155383 -0.414559 -0.013300 0.465234 0.152394 0.294711 0.176684 -0.076670 1.121778 -0.013522 -0.364434 -0.715970 0.156925 0.082162 0.091601 -2.634494 0.516929 -0.460718 1.508573 0.515100
1.460298 -0.468908 0.076296 0.370431 0.114394 0.508474 0.105999 -0.083497 0.953410 -0.023330 -0.312376 -0.689787 0.199301 0.082827 0.104870 -2.160119 -0.263671 -0.396190 1.574723 0.184816
1.429806 -0.463473 0.067336 0.379911 0.118194 0.487097 0.113068 -0.082815 0.970246 -0.022349 -0.317582 -0.692405 0.195064 0.082761 0.103543 -2.207557 -0.185611 -0.402643 1.568108 0.217845
1.399315 -0.458038 0.058377 0.389392 0.121994 0.465721 0.120136 -0.082132 0.987083 -0.021369 -0.322787 -0.695024 0.190826 0.082694 0.102216 -2.254994 -0.107551 -0.409096 1.561493 0.250873
1.368823 -0.452604 0.049417 0.398872 0.125794 0.444345 0.127204 -0.081449 1.003920 -0.020388 -0.327993 -0.697642 0.186588 0.082628 0.100889 -2.302432 -0.029491 -0.415549 1.554878 0.283901
1.338332 -0.447169 0.040457 0.408352 0.129594 0.422969 0.134273 -0.080767 1.020757 -0.019407 -0.333199 -0.700260 0.182351 0.082561 0.099562 -2.349869 0.048569 -0.422002 1.548263 0.316930
1.307840 -0.441734 0.031498 0.417832 0.133394 0.401592 0.141341 -0.080084 1.037594 -0.018426 -0.338405 -0.702879 0.178113 0.082495 0.098235 -2.397307 0.126629 -0.428454 1.541648 0.349958
1.277349 -0.436299 0.022538 0.427313 0.137194 0.380216 0.148410 -0.079401 1.054431 -0.017445 -0.343610 -0.705497 0.173876 0.082428 0.096908 -2.444744 0.204689 -0.434907 1.535033 0.382987
1.246857 -0.430864 0.013579 0.436793 0.140994 0.358840 0.155478 -0.078718 1.071267 -0.016465 -0.348816 -0.708115 0.169638 0.082362 0.095581 -2.492182 0.282749 -0.441360 1.528418 0.416015
1.216366 -0.425429 0.004619 0.446273 0.144794 0.337463 0.162547 -0.078036 1.088104 -0.015484 -0.354022 -0.710734 0.165401 0.082295 0.094254 -2.539619 0.360809 -0.447813 1.521803 0.449043
1.185875 -0.419994 -0.004341 0.455753 0.148594 0.316087 0.169615 -0.077353 1.104941 -0.014503 -0.359228 -0.713352 0.161163 0.082229 0.092928 -2.587057 0.438869 -0.454265 1.515188 0.482072
1.155383 -0.414559 -0.013300 0.465234 0.152394 0.294711 0.176684 -0.076670 1.121778 -0.013522 -0.364434 -0.715970 0.156925 0.082162 0.091601 -2.634494 0.516929 -0.460718 1.508573 0.515100
