0.034456 -0.112142 -0.334360 0.953843 0.334106 -2.354316 -0.429882 0.211128 0.265411 -0.014719 0.783269 -0.368943 0.246505 0.079227 0.006381 -0.173646 -0.363363 -0.316517 1.359472 0.265770
0.034456 -0.112142 -0.334360 0.953843 0.334106 -2.354316 -0.429882 0.211128 0.265411 -0.014719 0.783269 -0.368943 0.246505 0.079227 0.006381 -0.173646 -0.363363 -0.316517 1.359472 0.265770
0.034456 -0.112142 -0.334360 0.953843 0.334106 -2.354316 -0.429882 0.211128 0.265411 -0.014719 0.783269 -0.368943 0.246505 0.079227 0.006381 -0.173646 -0.363363 -0.316517 1.359472 0.265770
0.034456 -0.112142 -0.334360 0.953843 0.334106 -2.354316 -0.429882 0.211128 0.265411 -0.014719 0.783269 -0.368943 0.246505 0.079227 0.006381 -0.173646 -0.363363 -0.316517 1.359472 0.265770
0.034456 -0.112142 -0.334360 0.953843 0.334106 -2.354316 -0.429882 0.211128 0.265411 -0.014719 0.783269 -0.368943 0.246505 0.079227 0.006381 -0.173646 -0.363363 -0.316517 1.359472 0.265770
0.034456 -0.112142 -0.334360 0.953843 0.334106 -2.354316 -0.429882 0.211128 0.265411 -0.014719 0.783269 -0.368943 0.246505 0.079227 0.006381 -0.173646 -0.363363 -0.316517 1.359472 0.265770
0.034456 -0.112142 -0.334360 0.953843 0.334106 -2.354316 -0.429882 0.211128 0.265411 -0.014719 0.783269 -0.368943 0.246505 0.079227 0.006381 -0.173646 -0.363363 -0.316517 1.359472 0.265770
0.034456 -0.112142 -0.334360 0.953843 0.334106 -2.354316 -0.429882 0.211128 0.265411 -0.014719 0.783269 -0.368943 0.246505 0.079227 0.006381 -0.173646 -0.363363 -0.316517 1.359472 0.265770
0.034456 -0.112142 -0.334360 0.953843 0.334106 -2.354316 -0.429882 0.211128 0.265411 -0.014719 0.783269 -0.368943 0.246505 0.079227 0.006381 -0.173646 -0.363363 -0.316517 1.359472 0.265770
0.034456 -0.112142 -0.334360 0.953843 0.334106 -2.354316 -0.429882 0.211128 0.265411 -0.014719 0.783269 -0.368943 0.246505 0.079227 0.006381 -0.173646 -0.363363 -0.316517 1.359472 0.265770
0.034456 -0.112142 -0.334360 0.953843 0.334106 -2.354316 -0.429882 0.211128 0.265411 -0.014719 0.783269 -0.368943 0.246505 0.079227 0.006381 -0.173646 -0.363363 -0.316517 1.359472 0.265770
0.034456 -0.112142 -0.334360 0.953843 0.334106 -2.354316 -0.429882 0.211128 0.265411 -0.014719 0.783269 -0.368943 0.246505 0.079227 0.006381 -0.173646 -0.363363 -0.316517 1.359472 0.265770
0.034456 -0.112142 -0.334360 0.953843 0.334106 -2.354316 -0.429882 0.211128 0.265411 -0.014719 0.783269 -0.368943 0.246505 0.079227 0.006381 -0.173646 -0.363363 -0.316517 1.359472 0.265770
0.034456 -0.112142 -0.334360 0.953843 0.334106 -2.354316 -0.429882 0.211128 0.265411 -0.014719 0.783269 -0.368943 0.246505 0.079227 0.006381 -0.173646 -0.363363 -0.316517 1.359472 0.265770
0.034456 -0.112142 -0.334360 0.953843 0.334106 -2.354316 -0.429882 0.211128 0.265411 -0.014719 0.783269 -0.368943 0.246505 0.079227 0.006381 -0.173646 -0.363363 -0.316517 1.359472 0.265770
0.034456 -0.112142 -0.334360 0.953843 0.334106 -2.354316 -0.429882 0.211128 0.265411 -0.014719 0.783269 -0.368943 0.246505 0.079227 0.006381 -0.173646 -0.363363 -0.316517 1.359472 0.265770
0.034456 -0.112142 -0.334360 0.953843 0.334106 -2.354316 -0.429882 0.211128 0.265411 -0.014719 0.783269 -0.368943 0.246505 0.079227 0.006381 -0.173646 -0.363363 -0.316517 1.359472 0.265770
0.034456 -0.112142 -0.334360 0.953843 0.334106 -2.354316 -0.429882 0.211128 0.265411 -0.014719 0.783269 -0.368943 0.246505 0.079227 0.006381 -0.173646 -0.363363 -0.316517 1.359472 0.265770
0.034456 -0.112142 -0.334360 0.953843 0.334106 -2.354316 -0.429882 0.211128 0.265411 -0.014719 0.783269 -0.368943 0.246505 0.079227 0.006381 -0.173646 -0.363363 -0.316517 1.359472 0.265770
0.034456 -0.112142 -0.334360 0.953843 0.334106 -2.354316 -0.429882 0.211128 0.265411 -0.014719 0.783269 -0.368943 0.246505 0.079227 0.006381 -0.173646 -0.363363 -0.316517 1.359472 0.265770
0.034456 -0.112142 -0.334360 0.953843 0.334106 -2.354316 -0.429882 0.211128 0.265411 -0.014719 0.783269 -0.368943 0.246505 0.079227 0.006381 -0.173646 -0.363363 -0.316517 1.359472 0.265770
0.034456 -0.112142 -0.334360 0.953843 0.334106 -2.354316 -0.429882 0.211128 0.265411 -0.014719 0.783269 -0.368943 0.246505 0.079227 0.006381 -0.173646 -0.363363 -0.316517 1.359472 0.265770
0.034456 -0.112142 -0.334360 0.953843 0.334106 -2.354316 -0.429882 0.211128 0.265411 -0.014719 0.783269 -0.368943 0.246505 0.079227 0.006381 -0.173646 -0.363363 -0.316517 1.359472 0.265770
0.034456 -0.112142 -0.334360 0.953843 0.334106 -2.354316 -0.429882 0.211128 0.265411 -0.014719 0.783269 -0.368943 0.246505 0.079227 0.006381 -0.173646 -0.363363 -0.316517 1.359472 0.265770
0.034456 -0.112142 -0.334360 0.953843 0.334106 -2.354316 -0.429882 0.211128 0.265411 -0.014719 0.783269 -0.368943 0.246505 0.079227 0.006381 -0.173646 -0.363363 -0.316517 1.359472 0.265770
0.034456 -0.112142 -0.334360 0.953843 0.334106 -2.354316 -0.429882 0.211128 0.265411 -0.014719 0.783269 -0.368943 0.246505 0.079227 0.006381 -0.173646 -0.363363 -0.316517 1.359472 0.265770
0.034456 -0.112142 -0.334360 0.953843 0.334106 -2.354316 -0.429882 0.211128 0.265411 -0.014719 0.783269 -0.368943 0.246505 0.079227 0.006381 -0.173646 -0.363363 -0.316517 1.359472 0.265770
0.034456 -0.112142 -0.334360 0.953843 0.334106 -2.354316 -0.429882 0.211128 0.265411 -0.014719 0.783269 -0.368943 0.246505 0.079227 0.006381 -0.173646 -0.363363 -0.316517 1.359472 0.265770
0.034456 -0.112142 -0.334360 0.953843 0.334106 -2.354316 -0.429882 0.211128 0.265411 -0.014719 0.783269 -0.368943 0.246505 0.079227 0.006381 -0.173646 -0.363363 -0.316517 1.359472 0.265770
0.034456 -0.112142 -0.334360 0.953843 0.334106 -2.354316 -0.429882 0.211128 0.265411 -0.014719 0.783269 -0.368943 0.246505 0.079227 0.006381 -0.173646 -0.363363 -0.316517 1.359472 0.265770
0.034456 -0.112142 -0.334360 0.953843 0.334106 -2.354316 -0.429882 0.211128 0.265411 -0.014719 0.783269 -0.368943 0.246505 0.079227 0.006381 -0.173646 -0.363363 -0.316517 1.359472 0.265770
0.034456 -0.112142 -0.334360 0.953843 0.334106 -2.354316 -0.429882 0.211128 0.265411 -0.014719 0.783269 -0.368943 0.246505 0.079227 0.006381 -0.173646 -0.363363 -0.316517 1.359472 0.265770
0.034456 -0.112142 -0.334360 0.953843 0.334106 -2.354316 -0.429882 0.211128 0.265411 -0.014719 0.783269 -0.368943 0.246505 0.079227 0.006381 -0.173646 -0.363363 -0.316517 1.359472 0.265770
0.034456 -0.112142 -0.334360 0.953843 0.334106 -2.354316 -0.429882 0.211128 0.265411 -0.014719 0.783269 -0.368943 0.246505 0.079227 0.006381 -0.173646 -0.363363 -0.316517 1.359472 0.265770
0.034456 -0.112142 -0.334360 0.953843 0.334106 -2.354316 -0.429882 0.211128 0.265411 -0.014719 0.783269 -0.368943 0.246505 0.079227 0.006381 -0.173646 -0.363363 -0.316517 1.359472 0.265770
0.034456 -0.112142 -0.334360 0.953843 0.334106 -2.354316 -0.429882 0.211128 0.265411 -0.014719 0.783269 -0.368943 0.246505 0.079227 0.006381 -0.173646 -0.363363 -0.316517 1.359472 0.265770
0.034456 -0.112142 -0.334360 0.953843 0.334106 -2.354316 -0.429882 0.211128 0.265411 -0.014719 0.783269 -0.368943 0.246505 0.079227 0.006381 -0.173646 -0.363363 -0.316517 1.359472 0.265770
0.034456 -0.112142 -0.334360 0.953843 0.334106 -2.354316 -0.429882 0.211128 0.265411 -0.014719 0.783269 -0.368943 0.246505 0.079227 0.006381 -0.173646 -0.363363 -0.316517 1.359472 0.265770
0.034456 -0.112142 -0.334360 0.953843 0.334106 -2.354316 -0.429882 0.211128 0.265411 -0.014719 0.783269 -0.368943 0.246505 0.079227 0.006381 -0.173646 -0.363363 -0.316517 1.359472 0.265770
0.034456 -0.112142 -0.334360 0.953843 0.334106 -2.354316 -0.429882 0.211128 0.265411 -0.014719 0.783269 -0.368943 0.246505 0.079227 0.006381 -0.173646 -0.363363 -0.316517 1.359472 0.265770
0.034456 -0.112142 -0.334360 0.953843 0.334106 -2.354316 -0.429882 0.211128 0.265411 -0.014719 0.783269 -0.368943 0.246505 0.079227 0.006381 -0.173646 -0.363363 -0.316517 1.359472 0.265770
0.034456 -0.112142 -0.334360 0.953843 0.334106 -2.354316 -0.429882 0.211128 0.265411 -0.014719 0.783269 -0.368943 0.246505 0.079227 0.006381 -0.173646 -0.363363 -0.316517 1.359472 0.265770
0.034456 -0.112142 -0.334360 0.953843 0.334106 -2.354316 -0.429882 0.211128 0.265411 -0.014719 0.783269 -0.368943 0.246505 0.079227 0.006381 -0.173646 -0.363363 -0.316517 1.359472 0.265770
0.034456 -0.112142 -0.334360 0.953843 0.334106 -2.354316 -0.429882 0.211128 0.265411 -0.014719 0.783269 -0.368943 0.246505 0.079227 0.006381 -0.173646 -0.363363 -0.316517 1.359472 0.265770
