-0.097998 0.051963 -0.362595 1.186309 0.408299 -1.155725 -0.583991 0.112967 0.219153 -0.062591 2.027107 -0.194240 0.037799 0.882062 -0.094339 0.011774 -0.610568 -0.224211 1.048515 0.211219
-0.071251 0.072452 -0.366821 1.200457 0.412975 -1.128473 -0.582429 0.105350 0.215822 -0.063154 2.122041 -0.145262 0.024014 0.930447 -0.101074 0.022877 -0.609597 -0.219553 1.030889 0.208848
-0.044504 0.092941 -0.371047 1.214605 0.417650 -1.101222 -0.580869 0.097733 0.212491 -0.063717 2.216974 -0.096284 0.010229 0.978833 -0.107809 0.033980 -0.608625 -0.214897 1.013263 0.206476
-0.017757 0.113430 -0.375273 1.228753 0.422326 -1.073970 -0.579311 0.090117 0.209161 -0.064281 2.311908 -0.047306 -0.003555 1.027218 -0.114545 0.045083 -0.607652 -0.210241 0.995637 0.204103
0.008990 0.133918 -0.379499 1.242901 0.427001 -1.046719 -0.577754 0.082500 0.205830 -0.064844 2.406842 0.001672 -0.017340 1.075604 -0.121280 0.056187 -0.606678 -0.205586 0.978010 0.201731
0.035738 0.154407 -0.383725 1.257049 0.431677 -1.019468 -0.576200 0.074883 0.202499 -0.065407 2.501775 0.050650 -0.031125 1.123989 -0.128015 0.067292 -0.605703 -0.200932 0.960383 0.199359
0.062485 0.174896 -0.387951 1.271196 0.436352 -0.992217 -0.574648 0.067267 0.199168 -0.065971 2.596709 0.099628 -0.044910 1.172375 -0.134750 0.078397 -0.604726 -0.196278 0.942756 0.196987
0.089233 0.195385 -0.392177 1.285344 0.441028 -0.964967 -0.573098 0.059650 0.195837 -0.066534 2.691643 0.148606 -0.058694 1.220760 -0.141485 0.089502 -0.603749 -0.191625 0.925129 0.194615
0.115980 0.215874 -0.396403 1.299492 0.445703 -0.937717 -0.571550 0.052033 0.192507 -0.067097 2.786577 0.197584 -0.072479 1.269146 -0.148220 0.100608 -0.602770 -0.186973 0.907501 0.192242
0.142728 0.236363 -0.400629 1.313640 0.450379 -0.910467 -0.570005 0.044417 0.189176 -0.067661 2.881510 0.246562 -0.086264 1.317531 -0.154955 0.111714 -0.601790 -0.182321 0.889874 0.189870
0.169476 0.256851 -0.404855 1.327788 0.455054 -0.883217 -0.568461 0.036800 0.185845 -0.068224 2.976444 0.295541 -0.100048 1.365917 -0.161690 0.122820 -0.600809 -0.177670 0.872246 0.187497
-0.097998 0.051963 -0.362595 1.186309 0.408299 -1.155725 -0.583991 0.112967 0.219153 -0.062591 2.027107 -0.194240 0.037799 0.882062 -0.094339 0.011774 -0.610568 -0.224211 1.048515 0.211219
-0.071251 0.072452 -0.366821 1.200457 0.412975 -1.128473 -0.582429 0.105350 0.215822 -0.063154 2.122041 -0.145262 0.024014 0.930447 -0.101074 0.022877 -0.609597 -0.219553 1.030889 0.208848
-0.044504 0.092941 -0.371047 1.214605 0.417650 -1.101222 -0.580869 0.097733 0.212491 -0.063717 2.216974 -0.096284 0.010229 0.978833 -0.107809 0.033980 -0.608625 -0.214897 1.013263 0.206476
-0.017757 0.113430 -0.375273 1.228753 0.422326 -1.073970 -0.579311 0.090117 0.209161 -0.064281 2.311908 -0.047306 -0.003555 1.027218 -0.114545 0.045083 -0.607652 -0.210241 0.995637 0.204103
0.008990 0.133918 -0.379499 1.242901 0.427001 -1.046719 -0.577754 0.082500 0.205830 -0.064844 2.406842 0.001672 -0.017340 1.075604 -0.121280 0.056187 -0.606678 -0.205586 0.978010 0.201731
0.035738 0.154407 -0.383725 1.257049 0.431677 -1.019468 -0.576200 0.074883 0.202499 -0.065407 2.501775 0.050650 -0.031125 1.123989 -0.128015 0.067292 -0.605703 -0.200932 0.960383 0.199359
0.062485 0.174896 -0.387951 1.271196 0.436352 -0.992217 -0.574648 0.067267 0.199168 -0.065971 2.596709 0.099628 -0.044910 1.172375 -0.134750 0.078397 -0.604726 -0.196278 0.942756 0.196987
0.089233 0.195385 -0.392177 1.285344 0.441028 -0.964967 -0.573098 0.059650 0.195837 -0.066534 2.691643 0.148606 -0.058694 1.220760 -0.141485 0.089502 -0.603749 -0.191625 0.925129 0.194615
0.115980 0.215874 -0.396403 1.299492 0.445703 -0.937717 -0.571550 0.052033 0.192507 -0.067097 2.786577 0.197584 -0.072479 1.269146 -0.148220 0.100608 -0.602770 -0.186973 0.907501 0.192242
0.142728 0.236363 -0.400629 1.313640 0.450379 -0.910467 -0.570005 0.044417 0.189176 -0.067661 2.881510 0.246562 -0.086264 1.317531 -0.154955 0.111714 -0.601790 -0.182321 0.889874 0.189870
0.169476 0.256851 -0.404855 1.327788 0.455054 -0.883217 -0.568461 0.036800 0.185845 -0.068224 2.976444 0.295541 -0.100048 1.365917 -0.161690 0.122820 -0.600809 -0.177670 0.872246 0.187497
-0.097998 0.051963 -0.362595 1.186309 0.408299 -1.155725 -0.583991 0.112967 0.219153 -0.062591 2.027107 -0.194240 0.037799 0.882062 -0.094339 0.011774 -0.610568 -0.224211 1.048515 0.211219
-0.071251 0.072452 -0.366821 1.200457 0.412975 -1.128473 -0.582429 0.105350 0.215822 -0.063154 2.122041 -0.145262 0.024014 0.930447 -0.101074 0.022877 -0.609597 -0.219553 1.030889 0.208848
-0.044504 0.092941 -0.371047 1.214605 0.417650 -1.101222 -0.580869 0.097733 0.212491 -0.063717 2.216974 -0.096284 0.010229 0.978833 -0.107809 0.033980 -0.608625 -0.214897 1.013263 0.206476
-0.017757 0.113430 -0.375273 1.228753 0.422326 -1.073970 -0.579311 0.090117 0.209161 -0.064281 2.311908 -0.047306 -0.003555 1.027218 -0.114545 0.045083 -0.607652 -0.210241 0.995637 0.204103
0.008990 0.133918 -0.379499 1.242901 0.427001 -1.046719 -0.577754 0.082500 0.205830 -0.064844 2.406842 0.001672 -0.017340 1.075604 -0.121280 0.056187 -0.606678 -0.205586 0.978010 0.201731
0.035738 0.154407 -0.383725 1.257049 0.431677 -1.019468 -0.576200 0.074883 0.202499 -0.065407 2.501775 0.050650 -0.031125 1.123989 -0.128015 0.067292 -0.605703 -0.200932 0.960383 0.199359
0.062485 0.174896 -0.387951 1.271196 0.436352 -0.992217 -0.574648 0.067267 0.199168 -0.065971 2.596709 0.099628 -0.044910 1.172375 -0.134750 0.078397 -0.604726 -0.196278 0.942756 0.196987
0.089233 0.195385 -0.392177 1.285344 0.441028 -0.964967 -0.573098 0.059650 0.195837 -0.066534 2.691643 0.148606 -0.058694 1.220760 -0.141485 0.089502 -0.603749 -0.191625 0.925129 0.194615
0.115980 0.215874 -0.396403 1.299492 0.445703 -0.937717 -0.571550 0.052033 0.192507 -0.067097 2.786577 0.197584 -0.072479 1.269146 -0.148220 0.100608 -0.602770 -0.186973 0.907501 0.192242
0.142728 0.236363 -0.400629 1.313640 0.450379 -0.910467 -0.570005 0.044417 0.189176 -0.067661 2.881510 0.246562 -0.086264 1.317531 -0.154955 0.111714 -0.601790 -0.182321 0.889874 0.189870
0.169476 0.256851 -0.404855 1.327788 0.455054 -0.883217 -0.568461 0.036800 0.185845 -0.068224 2.976444 0.295541 -0.100048 1.365917 -0.161690 0.122820 -0.600809 -0.177670 0.872246 0.187497
