1.155383 -0.414559 -0.013300 0.465234 0.152394 0.294711 0.176684 -0.076670 1.121778 -0.013522 -0.364434 -0.715970 0.156925 0.082162 0.091601 -2.634494 0.516929 -0.460718 1.508573 0.515100
1.155383 -0.414559 -0.013300 0.465234 0.152394 0.294711 0.176684 -0.076670 1.121778 -0.013522 -0.364434 -0.715970 0.156925 0.082162 0.091601 -2.634494 0.516929 -0.460718 1.508573 0.515100
1.155383 -0.414559 -0.013300 0.465234 0.152394 0.294711 0.176684 -0.076670 1.121778 -0.013522 -0.364434 -0.715970 0.156925 0.082162 0.091601 -2.634494 0.516929 -0.460718 1.508573 0.515100
1.155383 -0.414559 -0.013300 0.465234 0.152394 0.294711 0.176684 -0.076670 1.121778 -0.013522 -0.364434 -0.715970 0.156925 0.082162 0.091601 -2.634494 0.516929 -0.460718 1.508573 0.515100
1.155383 -0.414559 -0.013300 0.465234 0.152394 0.294711 0.176684 -0.076670 1.121778 -0.013522 -0.364434 -0.715970 0.156925 0.082162 0.091601 -2.634494 0.516929 -0.460718 1.508573 0.515100
1.155383 -0.414559 -0.013300 0.465234 0.152394 0.294711 0.176684 -0.076670 1.121778 -0.013522 -0.364434 -0.715970 0.156925 0.082162 0.091601 -2.634494 0.516929 -0.460718 1.508573 0.515100
1.155383 -0.414559 -0.013300 0.465234 0.152394 0.294711 0.176684 -0.076670 1.121778 -0.013522 -0.364434 -0.715970 0.156925 0.082162 0.091601 -2.634494 0.516929 -0.460718 1.508573 0.515100
1.155383 -0.414559 -0.013300 0.465234 0.152394 0.294711 0.176684 -0.076670 1.121778 -0.013522 -0.364434 -0.715970 0.156925 0.082162 0.091601 -2.634494 0.516929 -0.460718 1.508573 0.515100
1.155383 -0.414559 -0.013300 0.465234 0.152394 0.294711 0.176684 -0.076670 1.121778 -0.013522 -0.364434 -0.715970 0.156925 0.082162 0.091601 -2.634494 0.516929 -0.460718 1.508573 0.515100
1.155383 -0.414559 -0.013300 0.465234 0.152394 0.294711 0.176684 -0.076670 1.121778 -0.013522 -0.364434 -0.715970 0.156925 0.082162 0.091601 -2.634494 0.516929 -0.460718 1.508573 0.515100
1.155383 -0.414559 -0.013300 0.465234 0.152394 0.294711 0.176684 -0.076670 1.121778 -0.013522 -0.364434 -0.715970 0.156925 0.082162 0.091601 -2.634494 0.516929 -0.460718 1.508573 0.515100
1.155383 -0.414559 -0.013300 0.465234 0.152394 0.294711 0.176684 -0.076670 1.121778 -0.013522 -0.364434 -0.715970 0.156925 0.082162 0.091601 -2.634494 0.516929 -0.460718 1.508573 0.515100
1.113346 -0.407067 -0.025653 0.478304 0.157633 0.265240 0.186429 -0.075729 1.144991 -0.012170 -0.371611 -0.719580 0.151083 0.082070 0.089771 -2.519386 0.465283 -0.463078 1.555040 0.511540
1.071310 -0.399574 -0.038005 0.491374 0.162872 0.235769 0.196174 -0.074788 1.168203 -0.010818 -0.378788 -0.723190 0.145241 0.081979 0.087942 -2.404277 0.413638 -0.465437 1.601507 0.507980
1.029273 -0.392081 -0.050357 0.504444 0.168111 0.206298 0.205919 -0.073846 1.191415 -0.009465 -0.385965 -0.726800 0.139399 0.081887 0.086113 -2.289168 0.361993 -0.467797 1.647974 0.504420
0.987236 -0.384588 -0.062709 0.517514 0.173350 0.176827 0.215664 -0.072905 1.214628 -0.008113 -0.393142 -0.730409 0.133556 0.081795 0.084283 -2.174060 0.310347 -0.470156 1.694440 0.500860
0.945200 -0.377096 -0.075061 0.530584 0.178589 0.147356 0.225409 -0.071963 1.237840 -0.006761 -0.400319 -0.734019 0.127714 0.081704 0.082454 -2.058951 0.258702 -0.472516 1.740907 0.497300
0.903163 -0.369603 -0.087414 0.543654 0.183828 0.117885 0.235154 -0.071022 1.261053 -0.005409 -0.407496 -0.737629 0.121872 0.081612 0.080624 -1.943843 0.207057 -0.474875 1.787374 0.493740
0.861127 -0.362110 -0.099766 0.556724 0.189067 0.088413 0.244899 -0.070081 1.284265 -0.004057 -0.414673 -0.741239 0.116030 0.081520 0.078795 -1.828734 0.155412 -0.477235 1.833841 0.490179
0.819090 -0.354617 -0.112118 0.569795 0.194306 0.058942 0.254645 -0.069139 1.307477 -0.002704 -0.421850 -0.744848 0.110188 0.081428 0.076966 -1.713625 0.103766 -0.479594 1.880308 0.486619
0.777053 -0.347125 -0.124470 0.582865 0.199544 0.029471 0.264390 -0.068198 1.330690 -0.001352 -0.429028 -0.748458 0.104345 0.081337 0.075136 -1.598517 0.052121 -0.481954 1.926775 0.483059
0.735017 -0.339632 -0.136822 0.595935 0.204783 0.000000 0.274135 -0.067256 1.353902 -0.000000 -0.436205 -0.752068 0.098503 0.081245 0.073307 -1.483408 0.000476 -0.484313 1.973242 0.479499
0.735017 -0.339632 -0.136822 0.595935 0.204783 0.000000 0.274135 -0.067256 1.353902 -0.000000 -0.436205 -0.752068 0.098503 0.081245 0.073307 -1.483408 0.000476 -0.484313 1.973242 0.479499
0.735017 -0.339632 -0.136822 0.595935 0.204783 0.000000 0.274135 -0.067256 1.353902 -0.000000 -0.436205 -0.752068 0.098503 0.081245 0.073307 -1.483408 0.000476 -0.484313 1.973242 0.479499
0.735017 -0.339632 -0.136822 0.595935 0.204783 0.000000 0.274135 -0.067256 1.353902 -0.000000 -0.436205 -0.752068 0.098503 0.081245 0.073307 -1.483408 0.000476 -0.484313 1.973242 0.479499
0.735017 -0.339632 -0.136822 0.595935 0.204783 0.000000 0.274135 -0.067256 1.353902 -0.000000 -0.436205 -0.752068 0.098503 0.081245 0.073307 -1.483408 0.000476 -0.484313 1.973242 0.479499
0.735017 -0.339632 -0.136822 0.595935 0.204783 0.000000 0.274135 -0.067256 1.353902 -0.000000 -0.436205 -0.752068 0.098503 0.081245 0.073307 -1.483408 0.000476 -0.484313 1.973242 0.479499
0.735017 -0.339632 -0.136822 0.595935 0.204783 0.000000 0.274135 -0.067256 1.353902 -0.000000 -0.436205 -0.752068 0.098503 0.081245 0.073307 -1.483408 0.000476 -0.484313 1.973241 0.479499
0.735017 -0.339632 -0.136822 0.595935 0.204783 0.000000 0.274135 -0.067256 1.353902 -0.000000 -0.436205 -0.752068 0.098503 0.081245 0.073307 -1.483408 0.000476 -0.484313 1.973241 0.479499
0.735017 -0.339632 -0.136822 0.595935 0.204783 0.000000 0.274135 -0.067256 1.353902 -0.000000 -0.436205 -0.752068 0.098503 0.081245 0.073307 -1.483407 0.000476 -0.484313 1.973241 0.479499
0.735017 -0.339632 -0.136822 0.595935 0.204783 0.000000 0.274135 -0.067256 1.353902 -0.000000 -0.436205 -0.752068 0.098503 0.081245 0.073307 -1.483407 0.000475 -0.484313 1.973241 0.479499
0.735017 -0.339632 -0.136822 0.595935 0.204783 0.000000 0.274135 -0.067256 1.353903 -0.000000 -0.436205 -0.752068 0.098503 0.081245 0.073307 -1.483407 0.000475 -0.484313 1.973241 0.479499
0.735016 -0.339632 -0.136822 0.595935 0.204783 0.000000 0.274135 -0.067256 1.353903 0.000000 -0.436205 -0.752068 0.098503 0.081245 0.073307 -1.483407 0.000475 -0.484313 1.973241 0.479499
1.155383 -0.414559 -0.013300 0.465234 0.152394 0.294711 0.176684 -0.076670 1.121778 -0.013522 -0.364434 -0.715970 0.156925 0.082162 0.091601 -2.634494 0.516929 -0.460718 1.508573 0.515100
1.155383 -0.414559 -0.013300 0.465234 0.152394 0.294711 0.176684 -0.076670 1.121778 -0.013522 -0.364434 -0.715970 0.156925 0.082162 0.091601 -2.634494 0.516929 -0.460718 1.508573 0.515100
1.155383 -0.414559 -0.013300 0.465234 0.152394 0.294711 0.176684 -0.076670 1.121778 -0.013522 -0.364434 -0.715970 0.156925 0.082162 0.091601 -2.634494 0.516929 -0.460718 1.508573 0.515100
1.155383 -0.414559 -0.013300 0.465234 0.152394 0.294711 0.176684 -0.076670 1.121778 -0.013522 -0.364434 -0.715970 0.156925 0.082162 0.091601 -2.634494 0.516929 -0.460718 1.508573 0.515100
1.155383 -0.414559 -0.013300 0.465234 0.152394 0.294711 0.176684 -0.076670 1.121778 -0.013522 -0.364434 -0.715970 0.156925 0.082162 0.091601 -2.634494 0.516929 -0.460718 1.508573 0.515100
1.155383 -0.414559 -0.013300 0.465234 0.152394 0.294711 0.176684 -0.076670 1.121778 -0.013522 -0.364434 -0.715970 0.156925 0.082162 0.091601 -2.634494 0.516929 -0.460718 1.508573 0.515100
1.155383 -0.414559 -0.013300 0.465234 0.152394 0.294711 0.176684 -0.076670 1.121778 -0.013522 -0.364434 -0.715970 0.156925 0.082162 0.091601 -2.634494 0.516929 -0.460718 1.508573 0.515100
1.155383 -0.414559 -0.013300 0.465234 0.152394 0.294711 0.176684 -0.076670 1.121778 -0.013522 -0.364434 -0.715970 0.156925 0.082162 0.091601 -2.634494 0.516929 -0.460718 1.508573 0.515100
1.155383 -0.414559 -0.013300 0.465234 0.152394 0.294711 0.176684 -0.076670 1.121778 -0.013522 -0.364434 -0.715970 0.156925 0.082162 0.091601 -2.634494 0.516929 -0.460718 1.508573 0.515100
1.155383 -0.414559 -0.013300 0.465234 0.152394 0.294711 0.176684 -0.076670 1.121778 -0.013522 -0.364434 -0.715970 0.156925 0.082162 0.091601 -2.634494 0.516929 -0.460718 1.508573 0.515100
1.155383 -0.414559 -0.013300 0.465234 0.152394 0.294711 0.176684 -0.076670 1.121778 -0.013522 -0.364434 -0.715970 0.156925 0.082162 0.091601 -2.634494 0.516929 -0.460718 1.508573 0.515100
1.155383 -0.414559 -0.013300 0.465234 0.152394 0.294711 0.176684 -0.076670 1.121778 -0.013522 -0.364434 -0.715970 0.156925 0.082162 0.091601 -2.634494 0.516929 -0.460718 1.508573 0.515100
1.113346 -0.407067 -0.025653 0.478304 0.157633 0.265240 0.186429 -0.075729 1.144991 -0.012170 -0.371611 -0.719580 0.151083 0.082070 0.089771 -2.519386 0.465283 -0.463078 1.555040 0.511540
1.071310 -0.399574 -0.038005 0.491374 0.162872 0.235769 0.196174 -0.074788 1.168203 -0.010818 -0.378788 -0.723190 0.145241 0.081979 0.087942 -2.404277 0.413638 -0.465437 1.601507 0.507980
1.029273 -0.392081 -0.050357 0.504444 0.168111 0.206298 0.205919 -0.073846 1.191415 -0.009465 -0.385965 -0.726800 0.139399 0.081887 0.086113 -2.289168 0.361993 -0.467797 1.647974 0.504420
0.987236 -0.384588 -0.062709 0.517514 0.173350 0.176827 0.215664 -0.072905 1.214628 -0.008113 -0.393142 -0.730409 0.133556 0.081795 0.084283 -2.174060 0.310347 -0.470156 1.694440 0.500860
0.945200 -0.377096 -0.075061 0.530584 0.178589 0.147356 0.225409 -0.071963 1.237840 -0.006761 -0.400319 -0.734019 0.127714 0.081704 0.082454 -2.058951 0.258702 -0.472516 1.740907 0.497300
0.903163 -0.369603 -0.087414 0.543654 0.183828 0.117885 0.235154 -0.071022 1.261053 -0.005409 -0.407496 -0.737629 0.121872 0.081612 0.080624 -1.943843 0.207057 -0.474875 1.787374 0.493740
0.861127 -0.362110 -0.099766 0.556724 0.189067 0.088413 0.244899 -0.070081 1.284265 -0.004057 -0.414673 -0.741239 0.116030 0.081520 0.078795 -1.828734 0.155412 -0.477235 1.833841 0.490179
0.819090 -0.354617 -0.112118 0.569795 0.194306 0.058942 0.254645 -0.069139 1.307477 -0.002704 -0.421850 -0.744848 0.110188 0.081428 0.076966 -1.713625 0.103766 -0.479594 1.880308 0.486619
0.777053 -0.347125 -0.124470 0.582865 0.199544 0.029471 0.264390 -0.068198 1.330690 -0.001352 -0.429028 -0.748458 0.104345 0.081337 0.075136 -1.598517 0.052121 -0.481954 1.926775 0.483059
0.735017 -0.339632 -0.136822 0.595935 0.204783 0.000000 0.274135 -0.067256 1.353902 -0.000000 -0.436205 -0.752068 0.098503 0.081245 0.073307 -1.483408 0.000476 -0.484313 1.973242 0.479499
0.735017 -0.339632 -0.136822 0.595935 0.204783 0.000000 0.274135 -0.067256 1.353902 -0.000000 -0.436205 -0.752068 0.098503 0.081245 0.073307 -1.483408 0.000476 -0.484313 1.973242 0.479499
0.735017 -0.339632 -0.136822 0.595935 0.204783 0.000000 0.274135 -0.067256 1.353902 -0.000000 -0.436205 -0.752068 0.098503 0.081245 0.073307 -1.483408 0.000476 -0.484313 1.973242 0.479499
0.735017 -0.339632 -0.136822 0.595935 0.204783 0.000000 0.274135 -0.067256 1.353902 -0.000000 -0.436205 -0.752068 0.098503 0.081245 0.073307 -1.483408 0.000476 -0.484313 1.973242 0.479499
0.735017 -0.339632 -0.136822 0.595935 0.204783 0.000000 0.274135 -0.067256 1.353902 -0.000000 -0.436205 -0.752068 0.098503 0.081245 0.073307 -1.483408 0.000476 -0.484313 1.973242 0.479499
0.735017 -0.339632 -0.136822 0.595935 0.204783 0.000000 0.274135 -0.067256 1.353902 -0.000000 -0.436205 -0.752068 0.098503 0.081245 0.073307 -1.483408 0.000476 -0.484313 1.973242 0.479499
0.735017 -0.339632 -0.136822 0.595935 0.204783 0.000000 0.274135 -0.067256 1.353902 -0.000000 -0.436205 -0.752068 0.098503 0.081245 0.073307 -1.483408 0.000476 -0.484313 1.973241 0.479499
0.735017 -0.339632 -0.136822 0.595935 0.204783 0.000000 0.274135 -0.067256 1.353902 -0.000000 -0.436205 -0.752068 0.098503 0.081245 0.073307 -1.483408 0.000476 -0.484313 1.973241 0.479499
0.735017 -0.339632 -0.136822 0.595935 0.204783 0.000000 0.274135 -0.067256 1.353902 -0.000000 -0.436205 -0.752068 0.098503 0.081245 0.073307 -1.483407 0.000476 -0.484313 1.973241 0.479499
0.735017 -0.339632 -0.136822 0.595935 0.204783 0.000000 0.274135 -0.067256 1.353902 -0.000000 -0.436205 -0.752068 0.098503 0.081245 0.073307 -1.483407 0.000475 -0.484313 1.973241 0.479499
0.735017 -0.339632 -0.136822 0.595935 0.204783 0.000000 0.274135 -0.067256 1.353903 -0.000000 -0.436205 -0.752068 0.098503 0.081245 0.073307 -1.483407 0.000475 -0.484313 1.973241 0.479499
0.735016 -0.339632 -0.136822 0.595935 0.204783 0.000000 0.274135 -0.067256 1.353903 0.000000 -0.436205 -0.752068 0.098503 0.081245 0.073307 -1.483407 0.000475 -0.484313 1.973241 0.479499
1.155383 -0.414559 -0.013300 0.465234 0.152394 0.294711 0.176684 -0.076670 1.121778 -0.013522 -0.364434 -0.715970 0.156925 0.082162 0.091601 -2.634494 0.516929 -0.460718 1.508573 0.515100
1.155383 -0.414559 -0.013300 0.465234 0.152394 0.294711 0.176684 -0.076670 1.121778 -0.013522 -0.364434 -0.715970 0.156925 0.082162 0.091601 -2.634494 0.516929 -0.460718 1.508573 0.515100
1.155383 -0.414559 -0.013300 0.465234 0.152394 0.294711 0.176684 -0.076670 1.121778 -0.013522 -0.364434 -0.715970 0.156925 0.082162 0.091601 -2.634494 0.516929 -0.460718 1.508573 0.515100
1.155383 -0.414559 -0.013300 0.465234 0.152394 0.294711 0.176684 -0.076670 1.121778 -0.013522 -0.364434 -0.715970 0.156925 0.082162 0.091601 -2.634494 0.516929 -0.460718 1.508573 0.515100
1.155383 -0.414559 -0.013300 0.465234 0.152394 0.294711 0.176684 -0.076670 1.121778 -0.013522 -0.364434 -0.715970 0.156925 0.082162 0.091601 -2.634494 0.516929 -0.460718 1.508573 0.515100
1.155383 -0.414559 -0.013300 0.465234 0.152394 0.294711 0.176684 -0.076670 1.121778 -0.013522 -0.364434 -0.715970 0.156925 0.082162 0.091601 -2.634494 0.516929 -0.460718 1.508573 0.515100
1.155383 -0.414559 -0.013300 0.465234 0.152394 0.294711 0.176684 -0.076670 1.121778 -0.013522 -0.364434 -0.715970 0.156925 0.082162 0.091601 -2.634494 0.516929 -0.460718 1.508573 0.515100
1.155383 -0.414559 -0.013300 0.465234 0.152394 0.294711 0.176684 -0.076670 1.121778 -0.013522 -0.364434 -0.715970 0.156925 0.082162 0.091601 -2.634494 0.516929 -0.460718 1.508573 0.515100
1.155383 -0.414559 -0.013300 0.465234 0.152394 0.294711 0.176684 -0.076670 1.121778 -0.013522 -0.364434 -0.715970 0.156925 0.082162 0.091601 -2.634494 0.516929 -0.460718 1.508573 0.515100
1.155383 -0.414559 -0.013300 0.465234 0.152394 0.294711 0.176684 -0.076670 1.121778 -0.013522 -0.364434 -0.715970 0.156925 0.082162 0.091601 -2.634494 0.516929 -0.460718 1.508573 0.515100
1.155383 -0.414559 -0.013300 0.465234 0.152394 0.294711 0.176684 -0.076670 1.121778 -0.013522 -0.364434 -0.715970 0.156925 0.082162 0.091601 -2.634494 0.516929 -0.460718 1.508573 0.515100
1.155383 -0.414559 -0.013300 0.465234 0.152394 0.294711 0.176684 -0.076670 1.121778 -0.013522 -0.364434 -0.715970 0.156925 0.082162 0.091601 -2.634494 0.516929 -0.460718 1.508573 0.515100
1.113346 -0.407067 -0.025653 0.478304 0.157633 0.265240 0.186429 -0.075729 1.144991 -0.012170 -0.371611 -0.719580 0.151083 0.082070 0.089771 -2.519386 0.465283 -0.463078 1.555040 0.511540
1.071310 -0.399574 -0.038005 0.491374 0.162872 0.235769 0.196174 -0.074788 1.168203 -0.010818 -0.378788 -0.723190 0.145241 0.081979 0.087942 -2.404277 0.413638 -0.465437 1.601507 0.507980
1.029273 -0.392081 -0.050357 0.504444 0.168111 0.206298 0.205919 -0.073846 1.191415 -0.009465 -0.385965 -0.726800 0.139399 0.081887 0.086113 -2.289168 0.361993 -0.467797 1.647974 0.504420
0.987236 -0.384588 -0.062709 0.517514 0.173350 0.176827 0.215664 -0.072905 1.214628 -0.008113 -0.393142 -0.730409 0.133556 0.081795 0.084283 -2.174060 0.310347 -0.470156 1.694440 0.500860
0.945200 -0.377096 -0.075061 0.530584 0.178589 0.147356 0.225409 -0.071963 1.237840 -0.006761 -0.400319 -0.734019 0.127714 0.081704 0.082454 -2.058951 0.258702 -0.472516 1.740907 0.497300
0.903163 -0.369603 -0.087414 0.543654 0.183828 0.117885 0.235154 -0.071022 1.261053 -0.005409 -0.407496 -0.737629 0.121872 0.081612 0.080624 -1.943843 0.207057 -0.474875 1.787374 0.493740
0.861127 -0.362110 -0.099766 0.556724 0.189067 0.088413 0.244899 -0.070081 1.284265 -0.004057 -0.414673 -0.741239 0.116030 0.081520 0.078795 -1.828734 0.155412 -0.477235 1.833841 0.490179
0.819090 -0.354617 -0.112118 0.569795 0.194306 0.058942 0.254645 -0.069139 1.307477 -0.002704 -0.421850 -0.744848 0.110188 0.081428 0.076966 -1.713625 0.103766 -0.479594 1.880308 0.486619
0.777053 -0.347125 -0.124470 0.582865 0.199544 0.029471 0.264390 -0.068198 1.330690 -0.001352 -0.429028 -0.748458 0.104345 0.081337 0.075136 -1.598517 0.052121 -0.481954 1.926775 0.483059
0.735017 -0.339632 -0.136822 0.595935 0.204783 0.000000 0.274135 -0.067256 1.353902 -0.000000 -0.436205 -0.752068 0.098503 0.081245 0.073307 -1.483408 0.000476 -0.484313 1.973242 0.479499
0.735017 -0.339632 -0.136822 0.595935 0.204783 0.000000 0.274135 -0.067256 1.353902 -0.000000 -0.436205 -0.752068 0.098503 0.081245 0.073307 -1.483408 0.000476 -0.484313 1.973242 0.479499
0.735017 -0.339632 -0.136822 0.595935 0.204783 0.000000 0.274135 -0.067256 1.353902 -0.000000 -0.436205 -0.752068 0.098503 0.081245 0.073307 -1.483408 0.000476 -0.484313 1.973242 0.479499
0.735017 -0.339632 -0.136822 0.595935 0.204783 0.000000 0.274135 -0.067256 1.353902 -0.000000 -0.436205 -0.752068 0.098503 0.081245 0.073307 -1.483408 0.000476 -0.484313 1.973242 0.479499
0.735017 -0.339632 -0.136822 0.595935 0.204783 0.000000 0.274135 -0.067256 1.353902 -0.000000 -0.436205 -0.752068 0.098503 0.081245 0.073307 -1.483408 0.000476 -0.484313 1.973242 0.479499
0.735017 -0.339632 -0.136822 0.595935 0.204783 0.000000 0.274135 -0.067256 1.353902 -0.000000 -0.436205 -0.752068 0.098503 0.081245 0.073307 -1.483408 0.000476 -0.484313 1.973242 0.479499
0.735017 -0.339632 -0.136822 0.595935 0.204783 0.000000 0.274135 -0.067256 1.353902 -0.000000 -0.436205 -0.752068 0.098503 0.081245 0.073307 -1.483408 0.000476 -0.484313 1.973241 0.479499
0.735017 -0.339632 -0.136822 0.595935 0.204783 0.000000 0.274135 -0.067256 1.353902 -0.000000 -0.436205 -0.752068 0.098503 0.081245 0.073307 -1.483408 0.000476 -0.484313 1.973241 0.479499
0.735017 -0.339632 -0.136822 0.595935 0.204783 0.000000 0.274135 -0.067256 1.353902 -0.000000 -0.436205 -0.752068 0.098503 0.081245 0.073307 -1.483407 0.000476 -0.484313 1.973241 0.479499
0.735017 -0.339632 -0.136822 0.595935 0.204783 0.000000 0.274135 -0.067256 1.353902 -0.000000 -0.436205 -0.752068 0.098503 0.081245 0.073307 -1.483407 0.000475 -0.484313 1.973241 0.479499
0.735017 -0.339632 -0.136822 0.595935 0.204783 0.000000 0.274135 -0.067256 1.353903 -0.000000 -0.436205 -0.752068 0.098503 0.081245 0.073307 -1.483407 0.000475 -0.484313 1.973241 0.479499
0.735016 -0.339632 -0.136822 0.595935 0.204783 0.000000 0.274135 -0.067256 1.353903 0.000000 -0.436205 -0.752068 0.098503 0.081245 0.073307 -1.483407 0.000475 -0.484313 1.973241 0.479499
