0.507099 0.515459 -0.458194 1.506354 0.514065 -0.539364 -0.549610 -0.059334 0.143806 -0.075333 1.591283 -0.185815 0.148702 1.476757 -0.100590 0.263137 -0.588073 -0.119184 0.649682 0.157528
0.615568 0.460888 -0.412115 1.431596 0.482518 -0.501151 -0.550923 -0.071716 0.138427 -0.076139 1.484180 -0.195345 0.139008 1.463261 -0.088010 0.197793 -0.579169 -0.096785 0.621848 0.147043
0.724037 0.406318 -0.366036 1.356838 0.450971 -0.462939 -0.552236 -0.084098 0.133048 -0.076944 1.377077 -0.204876 0.129314 1.449765 -0.075429 0.132448 -0.570265 -0.074387 0.594013 0.136558
0.832506 0.351747 -0.319957 1.282080 0.419424 -0.424726 -0.553549 -0.096480 0.127670 -0.077750 1.269974 -0.214406 0.119620 1.436269 -0.062849 0.067103 -0.561361 -0.051988 0.566178 0.126073
0.940976 0.297177 -0.273879 1.207323 0.387878 -0.386514 -0.554862 -0.108863 0.122291 -0.078555 1.162871 -0.223936 0.109926 1.422773 -0.050268 0.001758 -0.552457 -0.029590 0.538343 0.115588
1.049445 0.242606 -0.227800 1.132565 0.356331 -0.348301 -0.556175 -0.121245 0.116912 -0.079361 1.055768 -0.233466 0.100232 1.409277 -0.037688 -0.063587 -0.543552 -0.007191 0.510509 0.105103
1.157914 0.188035 -0.181721 1.057807 0.324784 -0.310089 -0.557488 -0.133627 0.111534 -0.080166 0.948665 -0.242996 0.090538 1.395780 -0.025107 -0.128931 -0.534648 0.015207 0.482674 0.094618
1.266384 0.133465 -0.135642 0.983049 0.293237 -0.271877 -0.558802 -0.146009 0.106155 -0.080971 0.841562 -0.252526 0.080844 1.382284 -0.012526 -0.194276 -0.525744 0.037605 0.454839 0.084133
1.374853 0.078894 -0.089563 0.908292 0.261690 -0.233664 -0.560115 -0.158391 0.100777 -0.081777 0.734459 -0.262056 0.071150 1.368788 0.000054 -0.259621 -0.516840 0.060004 0.427004 0.073648
1.483322 0.024323 -0.043484 0.833534 0.230143 -0.195452 -0.561428 -0.170773 0.095398 -0.082582 0.627356 -0.271586 0.061456 1.355292 0.012635 -0.324966 -0.507936 0.082402 0.399170 0.063163
1.591792 -0.030247 0.002595 0.758776 0.198596 -0.157240 -0.562741 -0.183156 0.090019 -0.083388 0.520254 -0.281116 0.051762 1.341796 0.025215 -0.390311 -0.499032 0.104801 0.371335 0.052678
0.507099 0.515459 -0.458194 1.506354 0.514065 -0.539364 -0.549610 -0.059334 0.143806 -0.075333 1.591283 -0.185815 0.148702 1.476757 -0.100590 0.263137 -0.588073 -0.119184 0.649682 0.157528
0.615568 0.460888 -0.412115 1.431596 0.482518 -0.501151 -0.550923 -0.071716 0.138427 -0.076139 1.484180 -0.195345 0.139008 1.463261 -0.088010 0.197793 -0.579169 -0.096785 0.621848 0.147043
0.724037 0.406318 -0.366036 1.356838 0.450971 -0.462939 -0.552236 -0.084098 0.133048 -0.076944 1.377077 -0.204876 0.129314 1.449765 -0.075429 0.132448 -0.570265 -0.074387 0.594013 0.136558
0.832506 0.351747 -0.319957 1.282080 0.419424 -0.424726 -0.553549 -0.096480 0.127670 -0.077750 1.269974 -0.214406 0.119620 1.436269 -0.062849 0.067103 -0.561361 -0.051988 0.566178 0.126073
0.940976 0.297177 -0.273879 1.207323 0.387878 -0.386514 -0.554862 -0.108863 0.122291 -0.078555 1.162871 -0.223936 0.109926 1.422773 -0.050268 0.001758 -0.552457 -0.029590 0.538343 0.115588
1.049445 0.242606 -0.227800 1.132565 0.356331 -0.348301 -0.556175 -0.121245 0.116912 -0.079361 1.055768 -0.233466 0.100232 1.409277 -0.037688 -0.063587 -0.543552 -0.007191 0.510509 0.105103
1.157914 0.188035 -0.181721 1.057807 0.324784 -0.310089 -0.557488 -0.133627 0.111534 -0.080166 0.948665 -0.242996 0.090538 1.395780 -0.025107 -0.128931 -0.534648 0.015207 0.482674 0.094618
1.266384 0.133465 -0.135642 0.983049 0.293237 -0.271877 -0.558802 -0.146009 0.106155 -0.080971 0.841562 -0.252526 0.080844 1.382284 -0.012526 -0.194276 -0.525744 0.037605 0.454839 0.084133
1.374853 0.078894 -0.089563 0.908292 0.261690 -0.233664 -0.560115 -0.158391 0.100777 -0.081777 0.734459 -0.262056 0.071150 1.368788 0.000054 -0.259621 -0.516840 0.060004 0.427004 0.073648
1.483322 0.024323 -0.043484 0.833534 0.230143 -0.195452 -0.561428 -0.170773 0.095398 -0.082582 0.627356 -0.271586 0.061456 1.355292 0.012635 -0.324966 -0.507936 0.082402 0.399170 0.063163
1.591792 -0.030247 0.002595 0.758776 0.198596 -0.157240 -0.562741 -0.183156 0.090019 -0.083388 0.520254 -0.281116 0.051762 1.341796 0.025215 -0.390311 -0.499032 0.104801 0.371335 0.052678
0.507099 0.515459 -0.458194 1.506354 0.514065 -0.539364 -0.549610 -0.059334 0.143806 -0.075333 1.591283 -0.185815 0.148702 1.476757 -0.100590 0.263137 -0.588073 -0.119184 0.649682 0.157528
0.615568 0.460888 -0.412115 1.431596 0.482518 -0.501151 -0.550923 -0.071716 0.138427 -0.076139 1.484180 -0.195345 0.139008 1.463261 -0.088010 0.197793 -0.579169 -0.096785 0.621848 0.147043
0.724037 0.406318 -0.366036 1.356838 0.450971 -0.462939 -0.552236 -0.084098 0.133048 -0.076944 1.377077 -0.204876 0.129314 1.449765 -0.075429 0.132448 -0.570265 -0.074387 0.594013 0.136558
0.832506 0.351747 -0.319957 1.282080 0.419424 -0.424726 -0.553549 -0.096480 0.127670 -0.077750 1.269974 -0.214406 0.119620 1.436269 -0.062849 0.067103 -0.561361 -0.051988 0.566178 0.126073
0.940976 0.297177 -0.273879 1.207323 0.387878 -0.386514 -0.554862 -0.108863 0.122291 -0.078555 1.162871 -0.223936 0.109926 1.422773 -0.050268 0.001758 -0.552457 -0.029590 0.538343 0.115588
1.049445 0.242606 -0.227800 1.132565 0.356331 -0.348301 -0.556175 -0.121245 0.116912 -0.079361 1.055768 -0.233466 0.100232 1.409277 -0.037688 -0.063587 -0.543552 -0.007191 0.510509 0.105103
1.157914 0.188035 -0.181721 1.057807 0.324784 -0.310089 -0.557488 -0.133627 0.111534 -0.080166 0.948665 -0.242996 0.090538 1.395780 -0.025107 -0.128931 -0.534648 0.015207 0.482674 0.094618
1.266384 0.133465 -0.135642 0.983049 0.293237 -0.271877 -0.558802 -0.146009 0.106155 -0.080971 0.841562 -0.252526 0.080844 1.382284 -0.012526 -0.194276 -0.525744 0.037605 0.454839 0.084133
1.374853 0.078894 -0.089563 0.908292 0.261690 -0.233664 -0.560115 -0.158391 0.100777 -0.081777 0.734459 -0.262056 0.071150 1.368788 0.000054 -0.259621 -0.516840 0.060004 0.427004 0.073648
1.483322 0.024323 -0.043484 0.833534 0.230143 -0.195452 -0.561428 -0.170773 0.095398 -0.082582 0.627356 -0.271586 0.061456 1.355292 0.012635 -0.324966 -0.507936 0.082402 0.399170 0.063163
1.591792 -0.030247 0.002595 0.758776 0.198596 -0.157240 -0.562741 -0.183156 0.090019 -0.083388 0.520254 -0.281116 0.051762 1.341796 0.025215 -0.390311 -0.499032 0.104801 0.371335 0.052678
