2.360699 -0.373708 0.199370 0.168276 0.012159 0.451941 0.100796 -0.133566 0.578322 -0.042763 -0.214033 -0.380647 0.083478 0.054339 0.099823 -0.790908 -0.424484 0.231199 0.198290 -0.012343
2.270658 -0.383228 0.187063 0.188491 0.022383 0.457594 0.101316 -0.128559 0.615830 -0.040820 -0.223867 -0.411561 0.095060 0.057188 0.100328 -0.927829 -0.408403 0.168460 0.335933 0.007373
2.180618 -0.392748 0.174755 0.208707 0.032606 0.463248 0.101836 -0.123552 0.653339 -0.038876 -0.233701 -0.442475 0.106642 0.060037 0.100832 -1.064750 -0.392322 0.105721 0.473576 0.027089
2.090578 -0.402268 0.162448 0.228922 0.042830 0.468901 0.102357 -0.118546 0.690848 -0.036933 -0.243536 -0.473389 0.118225 0.062886 0.101337 -1.201671 -0.376240 0.042982 0.611220 0.046804
2.000538 -0.411788 0.150140 0.249138 0.053053 0.474554 0.102877 -0.113539 0.728357 -0.034990 -0.253370 -0.504303 0.129807 0.065734 0.101842 -1.338593 -0.360159 -0.019757 0.748863 0.066520
1.910498 -0.421309 0.137833 0.269353 0.063277 0.480207 0.103397 -0.108532 0.765866 -0.033047 -0.263204 -0.535217 0.141389 0.068583 0.102346 -1.475514 -0.344078 -0.082496 0.886506 0.086236
1.820458 -0.430829 0.125526 0.289569 0.073500 0.485861 0.103918 -0.103525 0.803374 -0.031103 -0.273039 -0.566131 0.152972 0.071432 0.102851 -1.612435 -0.327996 -0.145235 1.024150 0.105952
1.730418 -0.440348 0.113218 0.309784 0.083724 0.491514 0.104438 -0.098518 0.840883 -0.029160 -0.282873 -0.597045 0.164554 0.074281 0.103356 -1.749356 -0.311915 -0.207974 1.161793 0.125668
1.640378 -0.449868 0.100911 0.330000 0.093947 0.497167 0.104958 -0.093511 0.878392 -0.027217 -0.292707 -0.627959 0.176136 0.077130 0.103860 -1.886277 -0.295834 -0.270713 1.299437 0.145384
1.550338 -0.459388 0.088603 0.350216 0.104171 0.502820 0.105479 -0.088504 0.915901 -0.025274 -0.302541 -0.658873 0.187719 0.079978 0.104365 -2.023198 -0.279752 -0.333451 1.437080 0.165100
1.460298 -0.468908 0.076296 0.370431 0.114394 0.508474 0.105999 -0.083497 0.953410 -0.023330 -0.312376 -0.689787 0.199301 0.082827 0.104870 -2.160119 -0.263671 -0.396190 1.574723 0.184816
2.360699 -0.373708 0.199370 0.168276 0.012159 0.451941 0.100796 -0.133566 0.578322 -0.042763 -0.214033 -0.380647 0.083478 0.054339 0.099823 -0.790908 -0.424484 0.231199 0.198290 -0.012343
2.270658 -0.383228 0.187063 0.188491 0.022383 0.457594 0.101316 -0.128559 0.615830 -0.040820 -0.223867 -0.411561 0.095060 0.057188 0.100328 -0.927829 -0.408403 0.168460 0.335933 0.007373
2.180618 -0.392748 0.174755 0.208707 0.032606 0.463248 0.101836 -0.123552 0.653339 -0.038876 -0.233701 -0.442475 0.106642 0.060037 0.100832 -1.064750 -0.392322 0.105721 0.473576 0.027089
2.090578 -0.402268 0.162448 0.228922 0.042830 0.468901 0.102357 -0.118546 0.690848 -0.036933 -0.243536 -0.473389 0.118225 0.062886 0.101337 -1.201671 -0.376240 0.042982 0.611220 0.046804
2.000538 -0.411788 0.150140 0.249138 0.053053 0.474554 0.102877 -0.113539 0.728357 -0.034990 -0.253370 -0.504303 0.129807 0.065734 0.101842 -1.338593 -0.360159 -0.019757 0.748863 0.066520
1.910498 -0.421309 0.137833 0.269353 0.063277 0.480207 0.103397 -0.108532 0.765866 -0.033047 -0.263204 -0.535217 0.141389 0.068583 0.102346 -1.475514 -0.344078 -0.082496 0.886506 0.086236
1.820458 -0.430829 0.125526 0.289569 0.073500 0.485861 0.103918 -0.103525 0.803374 -0.031103 -0.273039 -0.566131 0.152972 0.071432 0.102851 -1.612435 -0.327996 -0.145235 1.024150 0.105952
1.730418 -0.440348 0.113218 0.309784 0.083724 0.491514 0.104438 -0.098518 0.840883 -0.029160 -0.282873 -0.597045 0.164554 0.074281 0.103356 -1.749356 -0.311915 -0.207974 1.161793 0.125668
1.640378 -0.449868 0.100911 0.330000 0.093947 0.497167 0.104958 -0.093511 0.878392 -0.027217 -0.292707 -0.627959 0.176136 0.077130 0.103860 -1.886277 -0.295834 -0.270713 1.299437 0.145384
1.550338 -0.459388 0.088603 0.350216 0.104171 0.502820 0.105479 -0.088504 0.915901 -0.025274 -0.302541 -0.658873 0.187719 0.079978 0.104365 -2.023198 -0.279752 -0.333451 1.437080 0.165100
1.460298 -0.468908 0.076296 0.370431 0.114394 0.508474 0.105999 -0.083497 0.953410 -0.023330 -0.312376 -0.689787 0.199301 0.082827 0.104870 -2.160119 -0.263671 -0.396190 1.574723 0.184816
2.360699 -0.373708 0.199370 0.168276 0.012159 0.451941 0.100796 -0.133566 0.578322 -0.042763 -0.214033 -0.380647 0.083478 0.054339 0.099823 -0.790908 -0.424484 0.231199 0.198290 -0.012343
2.270658 -0.383228 0.187063 0.188491 0.022383 0.457594 0.101316 -0.128559 0.615830 -0.040820 -0.223867 -0.411561 0.095060 0.057188 0.100328 -0.927829 -0.408403 0.168460 0.335933 0.007373
2.180618 -0.392748 0.174755 0.208707 0.032606 0.463248 0.101836 -0.123552 0.653339 -0.038876 -0.233701 -0.442475 0.106642 0.060037 0.100832 -1.064750 -0.392322 0.105721 0.473576 0.027089
2.090578 -0.402268 0.162448 0.228922 0.042830 0.468901 0.102357 -0.118546 0.690848 -0.036933 -0.243536 -0.473389 0.118225 0.062886 0.101337 -1.201671 -0.376240 0.042982 0.611220 0.046804
2.000538 -0.411788 0.150140 0.249138 0.053053 0.474554 0.102877 -0.113539 0.728357 -0.034990 -0.253370 -0.504303 0.129807 0.065734 0.101842 -1.338593 -0.360159 -0.019757 0.748863 0.066520
1.910498 -0.421309 0.137833 0.269353 0.063277 0.480207 0.103397 -0.108532 0.765866 -0.033047 -0.263204 -0.535217 0.141389 0.068583 0.102346 -1.475514 -0.344078 -0.082496 0.886506 0.086236
1.820458 -0.430829 0.125526 0.289569 0.073500 0.485861 0.103918 -0.103525 0.803374 -0.031103 -0.273039 -0.566131 0.152972 0.071432 0.102851 -1.612435 -0.327996 -0.145235 1.024150 0.105952
1.730418 -0.440348 0.113218 0.309784 0.083724 0.491514 0.104438 -0.098518 0.840883 -0.029160 -0.282873 -0.597045 0.164554 0.074281 0.103356 -1.749356 -0.311915 -0.207974 1.161793 0.125668
1.640378 -0.449868 0.100911 0.330000 0.093947 0.497167 0.104958 -0.093511 0.878392 -0.027217 -0.292707 -0.627959 0.176136 0.077130 0.103860 -1.886277 -0.295834 -0.270713 1.299437 0.145384
1.550338 -0.459388 0.088603 0.350216 0.104171 0.502820 0.105479 -0.088504 0.915901 -0.025274 -0.302541 -0.658873 0.187719 0.079978 0.104365 -2.023198 -0.279752 -0.333451 1.437080 0.165100
1.460298 -0.468908 0.076296 0.370431 0.114394 0.508474 0.105999 -0.083497 0.953410 -0.023330 -0.312376 -0.689787 0.199301 0.082827 0.104870 -2.160119 -0.263671 -0.396190 1.574723 0.184816
